[0.060047457804582205, -0.0018273772852137604, 0.9126828848063222]
2.194404712455093
------------------------------------------------------
[0.060047457804582205, -0.0018273772852137604, 0.9126828848063222]
2.194404712455093
------------------------------------------------------
[0.060047457804582205, -0.0018273772852137604, 0.9126828848063222]
2.194404712455093
------------------------------------------------------
[-0.028857496194573562, 0.21556958490055655, -0.2787356924024987]
2.1139941389692507
------------------------------------------------------
[0.15941544543903005, 0.04484780247348386, -0.23459294950643056]
1.668153639392799
------------------------------------------------------
[0.0002026026719780527, -0.24119467730991778, 0.046310411663333606]
1.3211421763242943
------------------------------------------------------
[-0.07790157629204641, -0.16486801922175495, -0.07389324580698764]
1.0246333415442916
------------------------------------------------------
[-0.09126446203847588, 0.020459255223077566, 0.031920960080862426]
0.39226636166026596
------------------------------------------------------
[-0.01731063144473957, 0.014713508968647482, 0.03150336570267354]
0.11628169602316563
------------------------------------------------------
[-0.007988914957422728, 0.025531783818148496, 0.01325768337691921]
0.08470459644771511
------------------------------------------------------
[-0.008837602564635047, 0.0049581472856641455, -0.006190953372482211]
0.02992569311315707
------------------------------------------------------
[-0.0002094757451052212, 0.002362747968555119, -0.007252986784110028]
0.018656448670708148
------------------------------------------------------
[0.0033709779993080294, -0.0008637050418474571, -0.006182365459837279]
0.01727716394582801
------------------------------------------------------
[-0.002359157992356243, -0.0015654952525891571, -0.004081634994645516]
0.01190997399089655
------------------------------------------------------
[0.0018823531092106213, 0.0022102781545598523, -0.0005437498729457414]
0.006976108496040911
------------------------------------------------------
[-0.0011591305340813568, -0.0022488946935466897, -0.00022287739993284185]
0.0059800202827706705
------------------------------------------------------
[-0.0014070066715736983, -0.001640284953799644, -0.0002229102948722581]
0.00510103247848237
------------------------------------------------------
[-0.0007322077571637923, -0.0004817304424512862, 0.0006125321096400924]
0.0024897245326305217
------------------------------------------------------
[-0.00018770874941719667, 0.00020230885524965712, -0.000509028770925336]
0.0013431603611100407
------------------------------------------------------
[0.0001877256745304414, 0.00014867510526595765, 0.00017898585826581692]
0.0006920209876466465
------------------------------------------------------
[-0.000194145020626718, 5.393518824096011e-05, 0.00016509048314447723]
0.0006027854548666944
------------------------------------------------------
[-1.2469758323149099e-05, 0.00014335294197383145, 7.365801861786858e-05]
0.00037378101239626815
------------------------------------------------------
[9.995929509704288e-05, 0.00010353866265219443, 9.170641037620937e-06]
0.0003334054417512
------------------------------------------------------
[1.7864110526266447e-05, 8.54130142486841e-05, 4.698248082783297e-05]
0.0002290482753548595
------------------------------------------------------
[-8.626224001115275e-05, 1.4299682865992098e-05, -2.613765877206078e-06]
0.00020215877495077805
------------------------------------------------------
[1.0367237704191973e-05, -3.385946840593199e-05, -8.112082226542855e-06]
8.392016174285644e-05
------------------------------------------------------
[1.0367237704191973e-05, -3.385946840593199e-05, -8.112082226542855e-06]
8.392016174285644e-05
------------------------------------------------------
[2.018713841591232e-06, 1.520248131732021e-05, 5.700348339079672e-06]
3.7789024919465675e-05
------------------------------------------------------
[1.6677032055872418e-06, 2.6612688444400848e-06, -6.563304714147887e-06]
1.6804202136899704e-05
------------------------------------------------------
[2.2267885694443238e-06, 1.3870691904468955e-06, -5.069682647508655e-07]
6.1708382514957805e-06
------------------------------------------------------
[9.133009345340835e-07, 3.124330705275346e-07, -5.047562041085236e-07]
2.515585248108465e-06
------------------------------------------------------
[9.133009345340835e-07, 3.124330705275346e-07, -5.047562041085236e-07]
2.515585248108465e-06
------------------------------------------------------
[-2.2890261553245116e-07, -7.189516532283168e-07, -5.949787172013171e-07]
2.2190703181657057e-06
------------------------------------------------------
[5.4945397437663946e-08, -4.240405468913726e-07, 3.105153119716861e-07]
1.220385535294355e-06
------------------------------------------------------
[2.4194756195947875e-07, 2.0443723245048268e-07, -8.415585313133301e-09]
7.317723356159433e-07
------------------------------------------------------
[2.430672292811175e-07, -2.9774785124929446e-08, 3.7856271199381546e-08]
5.722542408825859e-07
------------------------------------------------------
[-8.399075665008084e-09, 3.050657731881498e-08, -6.255654007467278e-08]
1.6189744700412234e-07
------------------------------------------------------
[-8.399075665008084e-09, 3.050657731881498e-08, -6.255654007467278e-08]
1.6189744700412234e-07
------------------------------------------------------
[1.848603000387296e-08, 2.519657067047239e-08, -3.656152221934997e-08]
1.1107588138159485e-07
------------------------------------------------------
[2.6002776151861102e-08, 7.936695349740307e-09, 8.386378098120748e-09]
6.570508803704911e-08
------------------------------------------------------
[2.6002776151861102e-08, 7.936695349740307e-09, 8.386378098120748e-09]
6.570508803704911e-08
------------------------------------------------------
[3.0220723931082376e-09, 2.482318494309579e-09, 4.16398756087369e-09]
1.3192650971660669e-08
------------------------------------------------------
[3.0220723931082376e-09, 2.482318494309579e-09, 4.16398756087369e-09]
1.3192650971660669e-08
------------------------------------------------------
[1.4932560374437991e-09, 2.3983500551055545e-09, -1.241865190498542e-09]
7.1270851442761796e-09
------------------------------------------------------
[-3.2942168127645707e-11, 1.0387639085255552e-10, 4.3385048063587666e-10]
1.0330585276108195e-09
------------------------------------------------------
[-3.2942168127645707e-11, 1.0387639085255552e-10, 4.3385048063587666e-10]
1.0330585276108195e-09
------------------------------------------------------
[-7.476690357175379e-11, -1.3384453608924468e-10, 1.5285565150544554e-10]
4.999702873931255e-10
------------------------------------------------------
[-4.960823189896234e-11, 9.803292717684202e-11, -5.709330094837976e-11]
2.8594770995482577e-10
------------------------------------------------------
[-3.168032731472343e-11, 6.136562914726813e-11, 5.397892670122501e-11]
2.024269640799048e-10
------------------------------------------------------
[-3.097252818579806e-12, 6.919274853740065e-13, 1.87797939028584e-11]
4.398659214643885e-11
------------------------------------------------------
[-7.812183914303911e-12, -9.424311978213697e-12, -3.4899904331809673e-12]
2.9395597067605195e-11
------------------------------------------------------
[9.24039531687012e-13, -4.2430270351801456e-12, -7.051118593875358e-12]
1.9124701822192947e-11
------------------------------------------------------
[-2.298160473214091e-13, -6.910076356821851e-13, -4.483934236826737e-12]
1.049160758270773e-11
------------------------------------------------------
[-3.5777813634371364e-13, -2.2630446125027896e-12, -3.4226461283353404e-12]
9.514611321037592e-12
------------------------------------------------------
[6.993960638670175e-13, 1.3843303922065028e-12, 1.5044068060036581e-12]
4.988454094245753e-12
------------------------------------------------------
[-4.28182083233349e-13, -1.2257343065083143e-12, -4.719758268079173e-13]
3.1907809727727e-12
------------------------------------------------------
[7.104040153213182e-13, -4.3680621339793673e-13, -3.7253799815055905e-15]
1.9260149031197216e-12
------------------------------------------------------
[7.104040153213182e-13, -4.3680621339793673e-13, -3.7253799815055905e-15]
1.9260149031197216e-12
------------------------------------------------------
[-2.2209505759447324e-13, -3.330726983860467e-13, 2.2607178625700463e-13]
1.0627054791711998e-12
------------------------------------------------------
[-5.642972540846151e-14, -2.825381428667093e-14, 1.2999858650713734e-13]
3.3439917501709715e-13
------------------------------------------------------
[-5.642972540846151e-14, -2.825381428667093e-14, 1.2999858650713734e-13]
3.3439917501709715e-13
------------------------------------------------------
[-7.955691331323598e-14, 3.08757687387395e-14, 1.0855797472640649e-13]
3.2018832030189515e-13
------------------------------------------------------
[-7.955691331323598e-14, 3.08757687387395e-14, 1.0855797472640649e-13]
3.2018832030189515e-13
------------------------------------------------------
[5.6046874362068134e-14, 4.3524840712337964e-14, -1.029761946707482e-14]
1.674216321134736e-13
------------------------------------------------------
[5.6046874362068134e-14, 4.3524840712337964e-14, -1.029761946707482e-14]
1.674216321134736e-13
------------------------------------------------------
[5.6046874362068134e-14, 4.3524840712337964e-14, -1.029761946707482e-14]
1.674216321134736e-13
------------------------------------------------------
[8.345310449252609e-15, -4.870549227231956e-15, 4.2576380830379906e-14]
9.992007221626409e-14
------------------------------------------------------
[8.927812994484564e-15, -1.6739910022159154e-15, 5.028841463441335e-15]
2.531308496145357e-14
------------------------------------------------------
[8.927812994484564e-15, -1.6739910022159154e-15, 5.028841463441335e-15]
2.531308496145357e-14
------------------------------------------------------
[-1.6433351212691751e-16, 5.4116188811124465e-15, 1.1392708148021426e-15]
1.4654943925052066e-14
------------------------------------------------------
[-1.6433351212691751e-16, 5.4116188811124465e-15, 1.1392708148021426e-15]
1.4654943925052066e-14
------------------------------------------------------
[-2.6172764088968148e-15, -3.178434633578303e-15, -1.0660494862302847e-15]
7.549516567451064e-15
------------------------------------------------------
[-2.6172764088968148e-15, -3.178434633578303e-15, -1.0660494862302847e-15]
7.549516567451064e-15
------------------------------------------------------
[-2.6172764088968148e-15, -3.178434633578303e-15, -1.0660494862302847e-15]
7.549516567451064e-15
------------------------------------------------------
[-2.6172764088968148e-15, -3.178434633578303e-15, -1.0660494862302847e-15]
7.549516567451064e-15
------------------------------------------------------
[9.971989379497078e-17, -7.557635177986415e-16, -4.2819905700376144e-17]
3.9968028886505635e-15
------------------------------------------------------
[9.971989379497078e-17, -7.557635177986415e-16, -4.2819905700376144e-17]
3.9968028886505635e-15
------------------------------------------------------
[1.7538754027709432e-16, -2.1577641443091928e-17, -4.527812875306449e-17]
4.440892098500626e-16
------------------------------------------------------
[1.7538754027709432e-16, -2.1577641443091928e-17, -4.527812875306449e-17]
4.440892098500626e-16
------------------------------------------------------
[1.7538754027709432e-16, -2.1577641443091928e-17, -4.527812875306449e-17]
4.440892098500626e-16
------------------------------------------------------
[1.7538754027709432e-16, -2.1577641443091928e-17, -4.527812875306449e-17]
4.440892098500626e-16
------------------------------------------------------
[1.7538754027709432e-16, -2.1577641443091928e-17, -4.527812875306449e-17]
4.440892098500626e-16
------------------------------------------------------
[1.7538754027709432e-16, -2.1577641443091928e-17, -4.527812875306449e-17]
4.440892098500626e-16
------------------------------------------------------
[1.7538754027709432e-16, -2.1577641443091928e-17, -4.527812875306449e-17]
4.440892098500626e-16
------------------------------------------------------
[1.7538754027709432e-16, -2.1577641443091928e-17, -4.527812875306449e-17]
4.440892098500626e-16
------------------------------------------------------
[1.7538754027709432e-16, -2.1577641443091928e-17, -4.527812875306449e-17]
4.440892098500626e-16
------------------------------------------------------
[1.7538754027709432e-16, -2.1577641443091928e-17, -4.527812875306449e-17]
4.440892098500626e-16
------------------------------------------------------
[1.7538754027709432e-16, -2.1577641443091928e-17, -4.527812875306449e-17]
4.440892098500626e-16
------------------------------------------------------
[1.7538754027709432e-16, -2.1577641443091928e-17, -4.527812875306449e-17]
4.440892098500626e-16
------------------------------------------------------
[1.7538754027709432e-16, -2.1577641443091928e-17, -4.527812875306449e-17]
4.440892098500626e-16
------------------------------------------------------
[1.7538754027709432e-16, -2.1577641443091928e-17, -4.527812875306449e-17]
4.440892098500626e-16
------------------------------------------------------
[1.7538754027709432e-16, -2.1577641443091928e-17, -4.527812875306449e-17]
4.440892098500626e-16
------------------------------------------------------
[1.7538754027709432e-16, -2.1577641443091928e-17, -4.527812875306449e-17]
4.440892098500626e-16
------------------------------------------------------
[1.7538754027709432e-16, -2.1577641443091928e-17, -4.527812875306449e-17]
4.440892098500626e-16
------------------------------------------------------
[1.7538754027709432e-16, -2.1577641443091928e-17, -4.527812875306449e-17]
4.440892098500626e-16
------------------------------------------------------
[1.7538754027709432e-16, -2.1577641443091928e-17, -4.527812875306449e-17]
4.440892098500626e-16
------------------------------------------------------
[1.7538754027709432e-16, -2.1577641443091928e-17, -4.527812875306449e-17]
4.440892098500626e-16
------------------------------------------------------
[1.7538754027709432e-16, -2.1577641443091928e-17, -4.527812875306449e-17]
4.440892098500626e-16
------------------------------------------------------
[1.7538754027709432e-16, -2.1577641443091928e-17, -4.527812875306449e-17]
4.440892098500626e-16
------------------------------------------------------
[1.7538754027709432e-16, -2.1577641443091928e-17, -4.527812875306449e-17]
4.440892098500626e-16
------------------------------------------------------

------------------------------------------------------
Media dos fitness: 0.13406721595562776
