[8, 12, 11, 9, 13, 2, 14, 7, 5, 3, 6, 4, 0, 10, 1]
547 0
--------------------------------------------------------
[8, 12, 11, 9, 13, 2, 14, 7, 5, 3, 6, 4, 0, 10, 1]
547 1
--------------------------------------------------------
[8, 12, 11, 9, 13, 2, 14, 7, 5, 3, 6, 4, 0, 10, 1]
547 2
--------------------------------------------------------
[8, 12, 11, 9, 13, 2, 14, 7, 5, 3, 6, 4, 0, 10, 1]
547 3
--------------------------------------------------------
[8, 12, 11, 9, 13, 2, 14, 7, 5, 3, 6, 4, 0, 10, 1]
547 4
--------------------------------------------------------
[3, 10, 0, 13, 11, 9, 12, 1, 2, 14, 7, 8, 6, 4, 5]
517 5
--------------------------------------------------------
[3, 10, 0, 13, 11, 9, 12, 1, 2, 14, 7, 8, 6, 4, 5]
517 6
--------------------------------------------------------
[3, 10, 0, 13, 11, 9, 12, 1, 2, 14, 7, 8, 6, 4, 5]
517 7
--------------------------------------------------------
[3, 10, 0, 13, 11, 9, 12, 1, 2, 14, 7, 8, 6, 4, 5]
517 8
--------------------------------------------------------
[3, 10, 0, 13, 11, 9, 12, 1, 2, 14, 7, 8, 6, 4, 5]
517 9
--------------------------------------------------------
[3, 10, 0, 13, 11, 9, 12, 1, 2, 14, 7, 8, 6, 4, 5]
517 10
--------------------------------------------------------
[3, 10, 0, 13, 11, 9, 12, 1, 2, 14, 7, 8, 6, 4, 5]
517 11
--------------------------------------------------------
[3, 10, 0, 13, 11, 9, 12, 1, 2, 14, 7, 8, 6, 4, 5]
517 12
--------------------------------------------------------
[3, 0, 10, 13, 11, 9, 12, 1, 7, 14, 2, 8, 6, 4, 5]
505 13
--------------------------------------------------------
[3, 0, 10, 13, 7, 9, 12, 1, 14, 11, 2, 8, 6, 4, 5]
505 14
--------------------------------------------------------
[3, 0, 10, 13, 7, 9, 12, 1, 14, 11, 2, 8, 6, 4, 5]
505 15
--------------------------------------------------------
[3, 0, 10, 13, 7, 9, 12, 1, 14, 11, 2, 8, 6, 4, 5]
505 16
--------------------------------------------------------
[12, 1, 14, 13, 7, 9, 11, 2, 8, 6, 4, 5, 10, 3, 0]
463 17
--------------------------------------------------------
[12, 1, 14, 13, 7, 9, 11, 2, 8, 6, 4, 5, 10, 3, 0]
463 18
--------------------------------------------------------
[12, 1, 14, 13, 7, 9, 11, 2, 8, 6, 4, 5, 10, 3, 0]
463 19
--------------------------------------------------------
[12, 1, 14, 13, 7, 9, 11, 2, 8, 6, 4, 5, 10, 3, 0]
463 20
--------------------------------------------------------
[6, 4, 5, 10, 3, 0, 12, 1, 8, 14, 13, 7, 9, 11, 2]
435 21
--------------------------------------------------------
[6, 4, 5, 10, 3, 0, 12, 1, 8, 14, 13, 7, 9, 11, 2]
435 22
--------------------------------------------------------
[6, 4, 5, 10, 3, 0, 12, 1, 8, 14, 13, 7, 9, 11, 2]
435 23
--------------------------------------------------------
[10, 3, 5, 0, 12, 1, 8, 14, 13, 7, 9, 11, 2, 6, 4]
431 24
--------------------------------------------------------
[10, 3, 5, 0, 12, 1, 8, 14, 13, 7, 9, 11, 2, 6, 4]
431 25
--------------------------------------------------------
[10, 3, 5, 0, 12, 1, 8, 14, 13, 7, 9, 11, 2, 6, 4]
431 26
--------------------------------------------------------
[10, 3, 5, 0, 12, 1, 8, 14, 13, 7, 9, 11, 2, 6, 4]
431 27
--------------------------------------------------------
[14, 10, 3, 5, 0, 12, 1, 8, 13, 7, 9, 11, 2, 6, 4]
414 28
--------------------------------------------------------
[14, 10, 3, 5, 0, 12, 1, 8, 13, 7, 9, 11, 2, 6, 4]
414 29
--------------------------------------------------------
[14, 10, 3, 5, 0, 12, 1, 8, 13, 7, 9, 11, 2, 6, 4]
414 30
--------------------------------------------------------
[14, 10, 3, 5, 0, 12, 1, 8, 13, 7, 9, 11, 2, 6, 4]
414 31
--------------------------------------------------------
[14, 10, 3, 5, 0, 12, 1, 8, 13, 7, 9, 11, 2, 6, 4]
414 32
--------------------------------------------------------
[14, 10, 3, 5, 0, 12, 1, 8, 13, 7, 9, 11, 2, 6, 4]
414 33
--------------------------------------------------------
[5, 10, 3, 0, 12, 8, 1, 7, 9, 11, 2, 6, 4, 14, 13]
412 34
--------------------------------------------------------
[5, 10, 3, 0, 12, 8, 1, 7, 9, 11, 2, 6, 4, 14, 13]
412 35
--------------------------------------------------------
[5, 10, 3, 0, 12, 8, 1, 7, 9, 11, 2, 6, 4, 14, 13]
412 36
--------------------------------------------------------
[5, 10, 3, 0, 12, 8, 1, 7, 9, 11, 2, 6, 4, 14, 13]
412 37
--------------------------------------------------------
[5, 10, 3, 0, 12, 8, 1, 7, 9, 11, 2, 6, 4, 14, 13]
412 38
--------------------------------------------------------
[3, 10, 0, 12, 8, 1, 13, 9, 11, 2, 6, 4, 14, 7, 5]
386 39
--------------------------------------------------------
[3, 10, 0, 12, 8, 1, 13, 9, 11, 2, 6, 4, 14, 7, 5]
386 40
--------------------------------------------------------
[3, 10, 0, 12, 8, 1, 13, 9, 11, 2, 6, 4, 14, 7, 5]
386 41
--------------------------------------------------------
[5, 3, 10, 0, 12, 8, 1, 9, 11, 2, 6, 4, 14, 7, 13]
379 42
--------------------------------------------------------
[5, 3, 10, 0, 12, 8, 1, 9, 11, 2, 6, 4, 14, 7, 13]
379 43
--------------------------------------------------------
[5, 3, 10, 0, 12, 8, 1, 9, 11, 2, 6, 4, 14, 7, 13]
379 44
--------------------------------------------------------
[7, 13, 5, 3, 10, 0, 12, 9, 11, 2, 6, 4, 14, 8, 1]
357 45
--------------------------------------------------------
[9, 11, 2, 6, 4, 8, 14, 1, 7, 13, 5, 3, 10, 0, 12]
353 46
--------------------------------------------------------
[9, 11, 2, 6, 4, 8, 14, 1, 7, 13, 5, 3, 10, 0, 12]
353 47
--------------------------------------------------------
[9, 11, 2, 6, 4, 8, 14, 1, 7, 13, 5, 3, 10, 0, 12]
353 48
--------------------------------------------------------
[9, 11, 2, 6, 4, 8, 14, 1, 7, 13, 5, 3, 10, 0, 12]
353 49
--------------------------------------------------------
[9, 11, 2, 6, 4, 8, 14, 1, 7, 13, 5, 3, 10, 0, 12]
353 50
--------------------------------------------------------
[9, 11, 2, 6, 4, 8, 14, 1, 7, 13, 5, 3, 10, 0, 12]
353 51
--------------------------------------------------------
[9, 11, 2, 6, 4, 8, 14, 1, 7, 13, 5, 3, 10, 0, 12]
353 52
--------------------------------------------------------
[9, 11, 2, 6, 4, 8, 14, 1, 7, 13, 5, 3, 10, 0, 12]
353 53
--------------------------------------------------------
[9, 11, 2, 6, 4, 8, 14, 1, 7, 13, 5, 3, 10, 0, 12]
353 54
--------------------------------------------------------
[9, 11, 2, 6, 4, 8, 14, 1, 7, 13, 5, 3, 10, 0, 12]
353 55
--------------------------------------------------------
[9, 11, 2, 6, 4, 8, 14, 1, 7, 13, 5, 3, 10, 0, 12]
353 56
--------------------------------------------------------
[9, 11, 2, 6, 4, 8, 14, 1, 7, 13, 5, 3, 10, 0, 12]
353 57
--------------------------------------------------------
[9, 11, 2, 6, 4, 8, 14, 1, 7, 13, 5, 3, 10, 0, 12]
353 58
--------------------------------------------------------
[9, 11, 2, 6, 4, 8, 14, 1, 7, 13, 5, 3, 10, 0, 12]
353 59
--------------------------------------------------------
[9, 11, 2, 6, 4, 8, 14, 1, 7, 13, 5, 3, 10, 0, 12]
353 60
--------------------------------------------------------
[9, 11, 2, 6, 4, 8, 14, 1, 7, 13, 5, 3, 10, 0, 12]
353 61
--------------------------------------------------------
[9, 11, 2, 6, 4, 8, 14, 1, 7, 13, 5, 3, 10, 0, 12]
353 62
--------------------------------------------------------
[9, 11, 2, 6, 4, 8, 14, 1, 7, 13, 5, 3, 10, 0, 12]
353 63
--------------------------------------------------------
[9, 11, 2, 6, 4, 8, 14, 1, 7, 13, 5, 3, 10, 0, 12]
353 64
--------------------------------------------------------
[9, 11, 2, 6, 4, 8, 14, 1, 7, 13, 5, 3, 10, 0, 12]
353 65
--------------------------------------------------------
[9, 11, 2, 6, 4, 8, 14, 1, 7, 13, 5, 3, 10, 0, 12]
353 66
--------------------------------------------------------
[9, 11, 2, 6, 4, 8, 14, 1, 7, 13, 5, 3, 10, 0, 12]
353 67
--------------------------------------------------------
[9, 11, 2, 6, 4, 8, 14, 1, 7, 13, 5, 3, 10, 0, 12]
353 68
--------------------------------------------------------
[9, 11, 2, 6, 4, 8, 14, 1, 7, 13, 5, 3, 10, 0, 12]
353 69
--------------------------------------------------------
[9, 11, 2, 6, 4, 8, 14, 1, 7, 13, 5, 3, 10, 0, 12]
353 70
--------------------------------------------------------
[9, 11, 2, 6, 4, 8, 14, 1, 7, 13, 5, 3, 10, 0, 12]
353 71
--------------------------------------------------------
[9, 11, 2, 6, 4, 8, 14, 1, 7, 13, 5, 3, 10, 0, 12]
353 72
--------------------------------------------------------
[7, 13, 5, 3, 10, 0, 12, 1, 9, 11, 2, 6, 4, 14, 8]
345 73
--------------------------------------------------------
[7, 13, 5, 3, 10, 0, 12, 1, 9, 11, 2, 6, 4, 14, 8]
345 74
--------------------------------------------------------
[7, 13, 5, 3, 10, 0, 12, 1, 9, 11, 2, 6, 4, 14, 8]
345 75
--------------------------------------------------------
[7, 13, 5, 3, 10, 0, 12, 1, 9, 11, 2, 6, 4, 14, 8]
345 76
--------------------------------------------------------
[7, 13, 5, 3, 10, 0, 12, 1, 9, 11, 2, 6, 4, 14, 8]
345 77
--------------------------------------------------------
[7, 13, 5, 3, 10, 0, 12, 1, 9, 11, 2, 6, 4, 14, 8]
345 78
--------------------------------------------------------
[7, 13, 5, 3, 10, 0, 12, 1, 9, 11, 2, 6, 4, 14, 8]
345 79
--------------------------------------------------------
[7, 13, 5, 3, 10, 0, 12, 1, 9, 11, 2, 6, 4, 14, 8]
345 80
--------------------------------------------------------
[7, 13, 5, 3, 10, 0, 12, 1, 9, 11, 2, 6, 4, 14, 8]
345 81
--------------------------------------------------------
[7, 13, 5, 3, 10, 0, 12, 1, 9, 11, 2, 6, 4, 14, 8]
345 82
--------------------------------------------------------
[7, 13, 5, 3, 10, 0, 12, 1, 9, 11, 2, 6, 4, 14, 8]
345 83
--------------------------------------------------------
[7, 13, 5, 3, 10, 0, 12, 1, 9, 11, 2, 6, 4, 14, 8]
345 84
--------------------------------------------------------
[7, 13, 5, 3, 10, 0, 12, 1, 9, 11, 2, 6, 4, 14, 8]
345 85
--------------------------------------------------------
[7, 13, 5, 3, 10, 0, 12, 1, 9, 11, 2, 6, 4, 14, 8]
345 86
--------------------------------------------------------
[7, 13, 5, 3, 10, 0, 12, 1, 9, 11, 2, 6, 4, 14, 8]
345 87
--------------------------------------------------------
[7, 13, 5, 3, 10, 0, 12, 1, 9, 11, 2, 6, 4, 14, 8]
345 88
--------------------------------------------------------
[7, 13, 5, 3, 10, 0, 12, 1, 9, 11, 2, 6, 4, 14, 8]
345 89
--------------------------------------------------------
[7, 13, 5, 3, 10, 0, 12, 1, 9, 11, 2, 6, 4, 14, 8]
345 90
--------------------------------------------------------
[7, 13, 5, 3, 10, 0, 12, 1, 9, 11, 2, 6, 4, 14, 8]
345 91
--------------------------------------------------------
[7, 13, 5, 3, 10, 0, 12, 1, 9, 11, 2, 6, 4, 14, 8]
345 92
--------------------------------------------------------
[7, 13, 5, 3, 10, 0, 12, 1, 9, 11, 2, 6, 4, 14, 8]
345 93
--------------------------------------------------------
[7, 13, 5, 3, 10, 0, 12, 1, 9, 11, 2, 6, 4, 14, 8]
345 94
--------------------------------------------------------
[7, 13, 5, 3, 10, 0, 12, 1, 9, 11, 2, 6, 4, 14, 8]
345 95
--------------------------------------------------------
[7, 13, 5, 3, 10, 0, 12, 1, 9, 11, 2, 6, 4, 14, 8]
345 96
--------------------------------------------------------
[7, 13, 5, 3, 10, 0, 12, 1, 9, 11, 2, 6, 4, 14, 8]
345 97
--------------------------------------------------------
[7, 13, 5, 3, 10, 0, 12, 1, 9, 11, 2, 6, 4, 14, 8]
345 98
--------------------------------------------------------
[7, 13, 5, 3, 10, 0, 12, 1, 9, 11, 2, 6, 4, 14, 8]
345 99
--------------------------------------------------------
[7, 13, 5, 3, 10, 0, 12, 1, 9, 11, 2, 6, 4, 14, 8]
345 100
--------------------------------------------------------
[7, 13, 5, 3, 10, 0, 12, 1, 9, 11, 2, 6, 4, 14, 8]
345 101
--------------------------------------------------------
[7, 13, 5, 3, 10, 0, 12, 1, 9, 11, 2, 6, 4, 14, 8]
345 102
--------------------------------------------------------
[7, 13, 5, 3, 10, 0, 12, 1, 9, 11, 2, 6, 4, 14, 8]
345 103
--------------------------------------------------------
[7, 13, 5, 3, 10, 0, 12, 1, 9, 11, 2, 6, 4, 14, 8]
345 104
--------------------------------------------------------
[7, 13, 5, 3, 10, 0, 12, 1, 9, 11, 2, 6, 4, 14, 8]
345 105
--------------------------------------------------------
[7, 13, 5, 3, 10, 0, 12, 1, 9, 11, 2, 6, 4, 14, 8]
345 106
--------------------------------------------------------
[7, 13, 5, 3, 10, 0, 12, 1, 9, 11, 2, 6, 4, 14, 8]
345 107
--------------------------------------------------------
[7, 13, 5, 3, 10, 0, 12, 1, 9, 11, 2, 6, 4, 14, 8]
345 108
--------------------------------------------------------
[7, 13, 5, 3, 10, 0, 12, 1, 9, 11, 2, 6, 4, 14, 8]
345 109
--------------------------------------------------------
[7, 13, 5, 3, 10, 0, 12, 1, 9, 11, 2, 6, 4, 14, 8]
345 110
--------------------------------------------------------
[7, 13, 5, 3, 10, 0, 12, 1, 9, 11, 2, 6, 4, 14, 8]
345 111
--------------------------------------------------------
[7, 13, 5, 3, 10, 0, 12, 1, 9, 11, 2, 6, 4, 14, 8]
345 112
--------------------------------------------------------
[7, 13, 5, 3, 10, 0, 12, 1, 9, 11, 2, 6, 4, 14, 8]
345 113
--------------------------------------------------------
[7, 13, 5, 3, 10, 0, 12, 1, 9, 11, 2, 6, 4, 14, 8]
345 114
--------------------------------------------------------
[7, 13, 5, 3, 10, 0, 12, 1, 9, 11, 2, 6, 4, 14, 8]
345 115
--------------------------------------------------------
[7, 13, 5, 3, 10, 0, 12, 1, 9, 11, 2, 6, 4, 14, 8]
345 116
--------------------------------------------------------
[7, 13, 5, 3, 10, 0, 12, 1, 9, 11, 2, 6, 4, 14, 8]
345 117
--------------------------------------------------------
[7, 13, 5, 3, 10, 0, 12, 1, 9, 11, 2, 6, 4, 14, 8]
345 118
--------------------------------------------------------
[7, 13, 5, 3, 10, 0, 12, 1, 9, 11, 2, 6, 4, 14, 8]
345 119
--------------------------------------------------------
[7, 13, 5, 3, 10, 0, 12, 1, 9, 11, 2, 6, 4, 14, 8]
345 120
--------------------------------------------------------
[7, 13, 5, 3, 10, 0, 12, 1, 9, 11, 2, 6, 4, 14, 8]
345 121
--------------------------------------------------------
[7, 13, 5, 3, 10, 0, 12, 1, 9, 11, 2, 6, 4, 14, 8]
345 122
--------------------------------------------------------
[7, 13, 5, 3, 10, 0, 12, 1, 9, 11, 2, 6, 4, 14, 8]
345 123
--------------------------------------------------------
[7, 13, 5, 3, 10, 0, 12, 1, 9, 11, 2, 6, 4, 14, 8]
345 124
--------------------------------------------------------
[7, 13, 5, 3, 10, 0, 12, 1, 9, 11, 2, 6, 4, 14, 8]
345 125
--------------------------------------------------------
[7, 13, 5, 3, 10, 0, 12, 1, 9, 11, 2, 6, 4, 14, 8]
345 126
--------------------------------------------------------
[7, 13, 5, 3, 10, 0, 12, 1, 9, 11, 2, 6, 4, 14, 8]
345 127
--------------------------------------------------------
[7, 13, 5, 3, 10, 0, 12, 1, 9, 11, 2, 6, 4, 14, 8]
345 128
--------------------------------------------------------
[7, 13, 5, 3, 10, 0, 12, 1, 9, 11, 2, 6, 4, 14, 8]
345 129
--------------------------------------------------------
[7, 13, 5, 3, 10, 0, 12, 1, 9, 11, 2, 6, 4, 14, 8]
345 130
--------------------------------------------------------
[7, 13, 5, 3, 10, 0, 12, 1, 9, 11, 2, 6, 4, 14, 8]
345 131
--------------------------------------------------------
[7, 13, 5, 3, 10, 0, 12, 1, 9, 11, 2, 6, 4, 14, 8]
345 132
--------------------------------------------------------
[7, 13, 5, 3, 10, 0, 12, 1, 9, 11, 2, 6, 4, 14, 8]
345 133
--------------------------------------------------------
[7, 13, 5, 3, 10, 0, 12, 1, 9, 11, 2, 6, 4, 14, 8]
345 134
--------------------------------------------------------
[7, 13, 5, 3, 10, 0, 12, 1, 9, 11, 2, 6, 4, 14, 8]
345 135
--------------------------------------------------------
[7, 13, 5, 3, 10, 0, 12, 1, 9, 11, 2, 6, 4, 14, 8]
345 136
--------------------------------------------------------
[7, 13, 5, 3, 10, 0, 12, 1, 9, 11, 2, 6, 4, 14, 8]
345 137
--------------------------------------------------------
[7, 13, 5, 3, 10, 0, 12, 1, 9, 11, 2, 6, 4, 14, 8]
345 138
--------------------------------------------------------
[7, 13, 5, 3, 10, 0, 12, 1, 9, 11, 2, 6, 4, 14, 8]
345 139
--------------------------------------------------------
[7, 13, 5, 3, 10, 0, 12, 1, 9, 11, 2, 6, 4, 14, 8]
345 140
--------------------------------------------------------
[7, 13, 5, 3, 10, 0, 12, 1, 9, 11, 2, 6, 4, 14, 8]
345 141
--------------------------------------------------------
[7, 13, 5, 3, 10, 0, 12, 1, 9, 11, 2, 6, 4, 14, 8]
345 142
--------------------------------------------------------
[7, 13, 5, 3, 10, 0, 12, 1, 9, 11, 2, 6, 4, 14, 8]
345 143
--------------------------------------------------------
[7, 13, 5, 3, 10, 0, 12, 1, 9, 11, 2, 6, 4, 14, 8]
345 144
--------------------------------------------------------
[7, 13, 5, 3, 10, 0, 12, 1, 9, 11, 2, 6, 4, 14, 8]
345 145
--------------------------------------------------------
[7, 13, 5, 3, 10, 0, 12, 1, 9, 11, 2, 6, 4, 14, 8]
345 146
--------------------------------------------------------
[7, 13, 5, 3, 10, 0, 12, 1, 9, 11, 2, 6, 4, 14, 8]
345 147
--------------------------------------------------------
[7, 13, 5, 3, 10, 0, 12, 1, 9, 11, 2, 6, 4, 14, 8]
345 148
--------------------------------------------------------
[7, 13, 5, 3, 10, 0, 12, 1, 9, 11, 2, 6, 4, 14, 8]
345 149
--------------------------------------------------------
[7, 13, 5, 3, 10, 0, 12, 1, 9, 11, 2, 6, 4, 14, 8]
345 150
--------------------------------------------------------
[7, 13, 5, 3, 10, 0, 12, 1, 9, 11, 2, 6, 4, 14, 8]
345 151
--------------------------------------------------------
[7, 13, 5, 3, 10, 0, 12, 1, 9, 11, 2, 6, 4, 14, 8]
345 152
--------------------------------------------------------
[7, 13, 5, 3, 10, 0, 12, 1, 9, 11, 2, 6, 4, 14, 8]
345 153
--------------------------------------------------------
[7, 13, 5, 3, 10, 0, 12, 1, 9, 11, 2, 6, 4, 14, 8]
345 154
--------------------------------------------------------
[7, 13, 5, 3, 10, 0, 12, 1, 9, 11, 2, 6, 4, 14, 8]
345 155
--------------------------------------------------------
[7, 13, 5, 3, 10, 0, 12, 1, 9, 11, 2, 6, 4, 14, 8]
345 156
--------------------------------------------------------
[7, 13, 5, 3, 10, 0, 12, 1, 9, 11, 2, 6, 4, 14, 8]
345 157
--------------------------------------------------------
[7, 13, 5, 3, 10, 0, 12, 1, 9, 11, 2, 6, 4, 14, 8]
345 158
--------------------------------------------------------
[7, 13, 5, 3, 10, 0, 12, 1, 9, 11, 2, 6, 4, 14, 8]
345 159
--------------------------------------------------------
[7, 13, 5, 3, 10, 0, 12, 1, 9, 11, 2, 6, 4, 14, 8]
345 160
--------------------------------------------------------
[7, 13, 5, 3, 10, 0, 12, 1, 9, 11, 2, 6, 4, 14, 8]
345 161
--------------------------------------------------------
[7, 13, 5, 3, 10, 0, 12, 1, 9, 11, 2, 6, 4, 14, 8]
345 162
--------------------------------------------------------
[7, 13, 5, 3, 10, 0, 12, 1, 9, 11, 2, 6, 4, 14, 8]
345 163
--------------------------------------------------------
[7, 13, 5, 3, 10, 0, 12, 1, 9, 11, 2, 6, 4, 14, 8]
345 164
--------------------------------------------------------
[7, 13, 5, 3, 10, 0, 12, 1, 9, 11, 2, 6, 4, 14, 8]
345 165
--------------------------------------------------------
[7, 13, 5, 3, 10, 0, 12, 1, 9, 11, 2, 6, 4, 14, 8]
345 166
--------------------------------------------------------
[7, 13, 5, 3, 10, 0, 12, 1, 9, 11, 2, 6, 4, 14, 8]
345 167
--------------------------------------------------------
[7, 13, 5, 3, 10, 0, 12, 1, 9, 11, 2, 6, 4, 14, 8]
345 168
--------------------------------------------------------
[7, 13, 5, 3, 10, 0, 12, 1, 9, 11, 2, 6, 4, 14, 8]
345 169
--------------------------------------------------------
[7, 13, 5, 3, 10, 0, 12, 1, 9, 11, 2, 6, 4, 14, 8]
345 170
--------------------------------------------------------
[7, 13, 5, 3, 10, 0, 12, 1, 9, 11, 2, 6, 4, 14, 8]
345 171
--------------------------------------------------------
[7, 13, 5, 3, 10, 0, 12, 1, 9, 11, 2, 6, 4, 14, 8]
345 172
--------------------------------------------------------
[7, 13, 5, 3, 10, 0, 12, 1, 9, 11, 2, 6, 4, 14, 8]
345 173
--------------------------------------------------------
[7, 13, 5, 3, 10, 0, 12, 1, 9, 11, 2, 6, 4, 14, 8]
345 174
--------------------------------------------------------
[7, 13, 5, 3, 10, 0, 12, 1, 9, 11, 2, 6, 4, 14, 8]
345 175
--------------------------------------------------------
[7, 13, 5, 3, 10, 0, 12, 1, 9, 11, 2, 6, 4, 14, 8]
345 176
--------------------------------------------------------
[7, 13, 5, 3, 10, 0, 12, 1, 9, 11, 2, 6, 4, 14, 8]
345 177
--------------------------------------------------------
[7, 13, 5, 3, 10, 0, 12, 1, 9, 11, 2, 6, 4, 14, 8]
345 178
--------------------------------------------------------
[7, 13, 5, 3, 10, 0, 12, 1, 9, 11, 2, 6, 4, 14, 8]
345 179
--------------------------------------------------------
[7, 13, 5, 3, 10, 0, 12, 1, 9, 11, 2, 6, 4, 14, 8]
345 180
--------------------------------------------------------
[7, 13, 5, 3, 10, 0, 12, 1, 9, 11, 2, 6, 4, 14, 8]
345 181
--------------------------------------------------------
[7, 13, 5, 3, 10, 0, 12, 1, 9, 11, 2, 6, 4, 14, 8]
345 182
--------------------------------------------------------
[7, 13, 5, 3, 10, 0, 12, 1, 9, 11, 2, 6, 4, 14, 8]
345 183
--------------------------------------------------------
[7, 13, 5, 3, 10, 0, 12, 1, 9, 11, 2, 6, 4, 14, 8]
345 184
--------------------------------------------------------
[7, 13, 5, 3, 10, 0, 12, 1, 9, 11, 2, 6, 4, 14, 8]
345 185
--------------------------------------------------------
[7, 13, 5, 3, 10, 0, 12, 1, 9, 11, 2, 6, 4, 14, 8]
345 186
--------------------------------------------------------
[7, 13, 5, 3, 10, 0, 12, 1, 9, 11, 2, 6, 4, 14, 8]
345 187
--------------------------------------------------------
[7, 13, 5, 3, 10, 0, 12, 1, 9, 11, 2, 6, 4, 14, 8]
345 188
--------------------------------------------------------
[7, 13, 5, 3, 10, 0, 12, 1, 9, 11, 2, 6, 4, 14, 8]
345 189
--------------------------------------------------------
[7, 13, 5, 3, 10, 0, 12, 1, 9, 11, 2, 6, 4, 14, 8]
345 190
--------------------------------------------------------
[7, 13, 5, 3, 10, 0, 12, 1, 9, 11, 2, 6, 4, 14, 8]
345 191
--------------------------------------------------------
[7, 13, 5, 3, 10, 0, 12, 1, 9, 11, 2, 6, 4, 14, 8]
345 192
--------------------------------------------------------
[7, 13, 5, 3, 10, 0, 12, 1, 9, 11, 2, 6, 4, 14, 8]
345 193
--------------------------------------------------------
[7, 13, 5, 3, 10, 0, 12, 1, 9, 11, 2, 6, 4, 14, 8]
345 194
--------------------------------------------------------
[7, 13, 5, 3, 10, 0, 12, 1, 9, 11, 2, 6, 4, 14, 8]
345 195
--------------------------------------------------------
[7, 13, 5, 3, 10, 0, 12, 1, 9, 11, 2, 6, 4, 14, 8]
345 196
--------------------------------------------------------
[7, 13, 5, 3, 10, 0, 12, 1, 9, 11, 2, 6, 4, 14, 8]
345 197
--------------------------------------------------------
[7, 13, 5, 3, 10, 0, 12, 1, 9, 11, 2, 6, 4, 14, 8]
345 198
--------------------------------------------------------
[7, 13, 5, 3, 10, 0, 12, 1, 9, 11, 2, 6, 4, 14, 8]
345 199
--------------------------------------------------------
[7, 13, 5, 3, 10, 0, 12, 1, 9, 11, 2, 6, 4, 14, 8]
345 200
--------------------------------------------------------
[7, 13, 5, 3, 10, 0, 12, 1, 9, 11, 2, 6, 4, 14, 8]
345 201
--------------------------------------------------------
[7, 13, 5, 3, 10, 0, 12, 1, 9, 11, 2, 6, 4, 14, 8]
345 202
--------------------------------------------------------
[7, 13, 5, 3, 10, 0, 12, 1, 9, 11, 2, 6, 4, 14, 8]
345 203
--------------------------------------------------------
[7, 13, 5, 3, 10, 0, 12, 1, 9, 11, 2, 6, 4, 14, 8]
345 204
--------------------------------------------------------
[7, 13, 5, 3, 10, 0, 12, 1, 9, 11, 2, 6, 4, 14, 8]
345 205
--------------------------------------------------------
[7, 13, 5, 3, 10, 0, 12, 1, 9, 11, 2, 6, 4, 14, 8]
345 206
--------------------------------------------------------
[7, 13, 5, 3, 10, 0, 12, 1, 9, 11, 2, 6, 4, 14, 8]
345 207
--------------------------------------------------------
[7, 13, 5, 3, 10, 0, 12, 1, 9, 11, 2, 6, 4, 14, 8]
345 208
--------------------------------------------------------
[7, 13, 5, 3, 10, 0, 12, 1, 9, 11, 2, 6, 4, 14, 8]
345 209
--------------------------------------------------------
[7, 13, 5, 3, 10, 0, 12, 1, 9, 11, 2, 6, 4, 14, 8]
345 210
--------------------------------------------------------
[7, 13, 5, 3, 10, 0, 12, 1, 9, 11, 2, 6, 4, 14, 8]
345 211
--------------------------------------------------------
[7, 13, 5, 3, 10, 0, 12, 1, 9, 11, 2, 6, 4, 14, 8]
345 212
--------------------------------------------------------
[7, 13, 5, 3, 10, 0, 12, 1, 9, 11, 2, 6, 4, 14, 8]
345 213
--------------------------------------------------------
[7, 13, 5, 3, 10, 0, 12, 1, 9, 11, 2, 6, 4, 14, 8]
345 214
--------------------------------------------------------
[7, 13, 5, 3, 10, 0, 12, 1, 9, 11, 2, 6, 4, 14, 8]
345 215
--------------------------------------------------------
[7, 13, 5, 3, 10, 0, 12, 1, 9, 11, 2, 6, 4, 14, 8]
345 216
--------------------------------------------------------
[7, 13, 5, 3, 10, 0, 12, 1, 9, 11, 2, 6, 4, 14, 8]
345 217
--------------------------------------------------------
[7, 13, 5, 3, 10, 0, 12, 1, 9, 11, 2, 6, 4, 14, 8]
345 218
--------------------------------------------------------
[7, 13, 5, 3, 10, 0, 12, 1, 9, 11, 2, 6, 4, 14, 8]
345 219
--------------------------------------------------------
[7, 13, 5, 3, 10, 0, 12, 1, 9, 11, 2, 6, 4, 14, 8]
345 220
--------------------------------------------------------
[7, 13, 5, 3, 10, 0, 12, 1, 9, 11, 2, 6, 4, 14, 8]
345 221
--------------------------------------------------------
[7, 13, 5, 3, 10, 0, 12, 1, 9, 11, 2, 6, 4, 14, 8]
345 222
--------------------------------------------------------
[7, 13, 5, 3, 10, 0, 12, 1, 9, 11, 2, 6, 4, 14, 8]
345 223
--------------------------------------------------------
[7, 13, 5, 3, 10, 0, 12, 1, 9, 11, 2, 6, 4, 14, 8]
345 224
--------------------------------------------------------
[7, 13, 5, 3, 10, 0, 12, 1, 9, 11, 2, 6, 4, 14, 8]
345 225
--------------------------------------------------------
[7, 13, 5, 3, 10, 0, 12, 1, 9, 11, 2, 6, 4, 14, 8]
345 226
--------------------------------------------------------
[7, 13, 5, 3, 10, 0, 12, 1, 9, 11, 2, 6, 4, 14, 8]
345 227
--------------------------------------------------------
[7, 13, 5, 3, 10, 0, 12, 1, 9, 11, 2, 6, 4, 14, 8]
345 228
--------------------------------------------------------
[7, 13, 5, 3, 10, 0, 12, 1, 9, 11, 2, 6, 4, 14, 8]
345 229
--------------------------------------------------------
[7, 13, 5, 3, 10, 0, 12, 1, 9, 11, 2, 6, 4, 14, 8]
345 230
--------------------------------------------------------
[7, 13, 5, 3, 10, 0, 12, 1, 9, 11, 2, 6, 4, 14, 8]
345 231
--------------------------------------------------------
[7, 13, 5, 3, 10, 0, 12, 1, 9, 11, 2, 6, 4, 14, 8]
345 232
--------------------------------------------------------
[7, 13, 5, 3, 10, 0, 12, 1, 9, 11, 2, 6, 4, 14, 8]
345 233
--------------------------------------------------------
[7, 13, 5, 3, 10, 0, 12, 1, 9, 11, 2, 6, 4, 14, 8]
345 234
--------------------------------------------------------
[7, 13, 5, 3, 10, 0, 12, 1, 9, 11, 2, 6, 4, 14, 8]
345 235
--------------------------------------------------------
[7, 13, 5, 3, 10, 0, 12, 1, 9, 11, 2, 6, 4, 14, 8]
345 236
--------------------------------------------------------
[7, 13, 5, 3, 10, 0, 12, 1, 9, 11, 2, 6, 4, 14, 8]
345 237
--------------------------------------------------------
[7, 13, 5, 3, 10, 0, 12, 1, 9, 11, 2, 6, 4, 14, 8]
345 238
--------------------------------------------------------
[7, 13, 5, 3, 10, 0, 12, 1, 9, 11, 2, 6, 4, 14, 8]
345 239
--------------------------------------------------------
[7, 13, 5, 3, 10, 0, 12, 1, 9, 11, 2, 6, 4, 14, 8]
345 240
--------------------------------------------------------
[7, 13, 5, 3, 10, 0, 12, 1, 9, 11, 2, 6, 4, 14, 8]
345 241
--------------------------------------------------------
[7, 13, 5, 3, 10, 0, 12, 1, 9, 11, 2, 6, 4, 14, 8]
345 242
--------------------------------------------------------
[7, 13, 5, 3, 10, 0, 12, 1, 9, 11, 2, 6, 4, 14, 8]
345 243
--------------------------------------------------------
[7, 13, 5, 3, 10, 0, 12, 1, 9, 11, 2, 6, 4, 14, 8]
345 244
--------------------------------------------------------
[7, 13, 5, 3, 10, 0, 12, 1, 9, 11, 2, 6, 4, 14, 8]
345 245
--------------------------------------------------------
[7, 13, 5, 3, 10, 0, 12, 1, 9, 11, 2, 6, 4, 14, 8]
345 246
--------------------------------------------------------
[7, 13, 5, 3, 10, 0, 12, 1, 9, 11, 2, 6, 4, 14, 8]
345 247
--------------------------------------------------------
[7, 13, 5, 3, 10, 0, 12, 1, 9, 11, 2, 6, 4, 14, 8]
345 248
--------------------------------------------------------
[7, 13, 5, 3, 10, 0, 12, 1, 9, 11, 2, 6, 4, 14, 8]
345 249
--------------------------------------------------------
[7, 13, 5, 3, 10, 0, 12, 1, 9, 11, 2, 6, 4, 14, 8]
345 250
--------------------------------------------------------
[7, 13, 5, 3, 10, 0, 12, 1, 9, 11, 2, 6, 4, 14, 8]
345 251
--------------------------------------------------------
[7, 13, 5, 3, 10, 0, 12, 1, 9, 11, 2, 6, 4, 14, 8]
345 252
--------------------------------------------------------
[7, 13, 5, 3, 10, 0, 12, 1, 9, 11, 2, 6, 4, 14, 8]
345 253
--------------------------------------------------------
[7, 13, 5, 3, 10, 0, 12, 1, 9, 11, 2, 6, 4, 14, 8]
345 254
--------------------------------------------------------
[7, 13, 5, 3, 10, 0, 12, 1, 9, 11, 2, 6, 4, 14, 8]
345 255
--------------------------------------------------------
[7, 13, 5, 3, 10, 0, 12, 1, 9, 11, 2, 6, 4, 14, 8]
345 256
--------------------------------------------------------
[7, 13, 5, 3, 10, 0, 12, 1, 9, 11, 2, 6, 4, 14, 8]
345 257
--------------------------------------------------------
[7, 13, 5, 3, 10, 0, 12, 1, 9, 11, 2, 6, 4, 14, 8]
345 258
--------------------------------------------------------
[7, 13, 5, 3, 10, 0, 12, 1, 9, 11, 2, 6, 4, 14, 8]
345 259
--------------------------------------------------------
[7, 13, 5, 3, 10, 0, 12, 1, 9, 11, 2, 6, 4, 14, 8]
345 260
--------------------------------------------------------
[7, 13, 5, 3, 10, 0, 12, 1, 9, 11, 2, 6, 4, 14, 8]
345 261
--------------------------------------------------------
[7, 13, 5, 3, 10, 0, 12, 1, 9, 11, 2, 6, 4, 14, 8]
345 262
--------------------------------------------------------
[7, 13, 5, 3, 10, 0, 12, 1, 9, 11, 2, 6, 4, 14, 8]
345 263
--------------------------------------------------------
[7, 13, 5, 3, 10, 0, 12, 1, 9, 11, 2, 6, 4, 14, 8]
345 264
--------------------------------------------------------
[7, 13, 5, 3, 10, 0, 12, 1, 9, 11, 2, 6, 4, 14, 8]
345 265
--------------------------------------------------------
[7, 13, 5, 3, 10, 0, 12, 1, 9, 11, 2, 6, 4, 14, 8]
345 266
--------------------------------------------------------
[7, 13, 5, 3, 10, 0, 12, 1, 9, 11, 2, 6, 4, 14, 8]
345 267
--------------------------------------------------------
[7, 13, 5, 3, 10, 0, 12, 1, 9, 11, 2, 6, 4, 14, 8]
345 268
--------------------------------------------------------
[7, 13, 5, 3, 10, 0, 12, 1, 9, 11, 2, 6, 4, 14, 8]
345 269
--------------------------------------------------------
[7, 13, 5, 3, 10, 0, 12, 1, 9, 11, 2, 6, 4, 14, 8]
345 270
--------------------------------------------------------
[7, 13, 5, 3, 10, 0, 12, 1, 9, 11, 2, 6, 4, 14, 8]
345 271
--------------------------------------------------------
[7, 13, 5, 3, 10, 0, 12, 1, 9, 11, 2, 6, 4, 14, 8]
345 272
--------------------------------------------------------
[7, 13, 5, 3, 10, 0, 12, 1, 9, 11, 2, 6, 4, 14, 8]
345 273
--------------------------------------------------------
[7, 13, 5, 3, 10, 0, 12, 1, 9, 11, 2, 6, 4, 14, 8]
345 274
--------------------------------------------------------
[7, 13, 5, 3, 10, 0, 12, 1, 9, 11, 2, 6, 4, 14, 8]
345 275
--------------------------------------------------------
[7, 13, 5, 3, 10, 0, 12, 1, 9, 11, 2, 6, 4, 14, 8]
345 276
--------------------------------------------------------
[7, 13, 5, 3, 10, 0, 12, 1, 9, 11, 2, 6, 4, 14, 8]
345 277
--------------------------------------------------------
[7, 13, 5, 3, 10, 0, 12, 1, 9, 11, 2, 6, 4, 14, 8]
345 278
--------------------------------------------------------
[7, 13, 5, 3, 10, 0, 12, 1, 9, 11, 2, 6, 4, 14, 8]
345 279
--------------------------------------------------------
[7, 13, 5, 3, 10, 0, 12, 1, 9, 11, 2, 6, 4, 14, 8]
345 280
--------------------------------------------------------
[7, 13, 5, 3, 10, 0, 12, 1, 9, 11, 2, 6, 4, 14, 8]
345 281
--------------------------------------------------------
[7, 13, 5, 3, 10, 0, 12, 1, 9, 11, 2, 6, 4, 14, 8]
345 282
--------------------------------------------------------
[7, 13, 5, 3, 10, 0, 12, 1, 9, 11, 2, 6, 4, 14, 8]
345 283
--------------------------------------------------------
[7, 13, 5, 3, 10, 0, 12, 1, 9, 11, 2, 6, 4, 14, 8]
345 284
--------------------------------------------------------
[7, 13, 5, 3, 10, 0, 12, 1, 9, 11, 2, 6, 4, 14, 8]
345 285
--------------------------------------------------------
[7, 13, 5, 3, 10, 0, 12, 1, 9, 11, 2, 6, 4, 14, 8]
345 286
--------------------------------------------------------
[7, 13, 5, 3, 10, 0, 12, 1, 9, 11, 2, 6, 4, 14, 8]
345 287
--------------------------------------------------------
[7, 13, 5, 3, 10, 0, 12, 1, 9, 11, 2, 6, 4, 14, 8]
345 288
--------------------------------------------------------
[7, 13, 5, 3, 10, 0, 12, 1, 9, 11, 2, 6, 4, 14, 8]
345 289
--------------------------------------------------------
[7, 13, 5, 3, 10, 0, 12, 1, 9, 11, 2, 6, 4, 14, 8]
345 290
--------------------------------------------------------
[7, 13, 5, 3, 10, 0, 12, 1, 9, 11, 2, 6, 4, 14, 8]
345 291
--------------------------------------------------------
[7, 13, 5, 3, 10, 0, 12, 1, 9, 11, 2, 6, 4, 14, 8]
345 292
--------------------------------------------------------
[7, 13, 5, 3, 10, 0, 12, 1, 9, 11, 2, 6, 4, 14, 8]
345 293
--------------------------------------------------------
[7, 13, 5, 3, 10, 0, 12, 1, 9, 11, 2, 6, 4, 14, 8]
345 294
--------------------------------------------------------
[7, 13, 5, 3, 10, 0, 12, 1, 9, 11, 2, 6, 4, 14, 8]
345 295
--------------------------------------------------------
[7, 13, 5, 3, 10, 0, 12, 1, 9, 11, 2, 6, 4, 14, 8]
345 296
--------------------------------------------------------
[7, 13, 5, 3, 10, 0, 12, 1, 9, 11, 2, 6, 4, 14, 8]
345 297
--------------------------------------------------------
[7, 13, 5, 3, 10, 0, 12, 1, 9, 11, 2, 6, 4, 14, 8]
345 298
--------------------------------------------------------
[7, 13, 5, 3, 10, 0, 12, 1, 9, 11, 2, 6, 4, 14, 8]
345 299
--------------------------------------------------------
[7, 13, 5, 3, 10, 0, 12, 1, 9, 11, 2, 6, 4, 14, 8]
345 300
--------------------------------------------------------
[7, 13, 5, 3, 10, 0, 12, 1, 9, 11, 2, 6, 4, 14, 8]
345 301
--------------------------------------------------------
[7, 13, 5, 3, 10, 0, 12, 1, 9, 11, 2, 6, 4, 14, 8]
345 302
--------------------------------------------------------
[7, 13, 5, 3, 10, 0, 12, 1, 9, 11, 2, 6, 4, 14, 8]
345 303
--------------------------------------------------------
[7, 13, 5, 3, 10, 0, 12, 1, 9, 11, 2, 6, 4, 14, 8]
345 304
--------------------------------------------------------
[7, 13, 5, 3, 10, 0, 12, 1, 9, 11, 2, 6, 4, 14, 8]
345 305
--------------------------------------------------------
[7, 13, 5, 3, 10, 0, 12, 1, 9, 11, 2, 6, 4, 14, 8]
345 306
--------------------------------------------------------
[7, 13, 5, 3, 10, 0, 12, 1, 9, 11, 2, 6, 4, 14, 8]
345 307
--------------------------------------------------------
[7, 13, 5, 3, 10, 0, 12, 1, 9, 11, 2, 6, 4, 14, 8]
345 308
--------------------------------------------------------
[7, 13, 5, 3, 10, 0, 12, 1, 9, 11, 2, 6, 4, 14, 8]
345 309
--------------------------------------------------------
[7, 13, 5, 3, 10, 0, 12, 1, 9, 11, 2, 6, 4, 14, 8]
345 310
--------------------------------------------------------
[7, 13, 5, 3, 10, 0, 12, 1, 9, 11, 2, 6, 4, 14, 8]
345 311
--------------------------------------------------------
[7, 13, 5, 3, 10, 0, 12, 1, 9, 11, 2, 6, 4, 14, 8]
345 312
--------------------------------------------------------
[7, 13, 5, 3, 10, 0, 12, 1, 9, 11, 2, 6, 4, 14, 8]
345 313
--------------------------------------------------------
[7, 13, 5, 3, 10, 0, 12, 1, 9, 11, 2, 6, 4, 14, 8]
345 314
--------------------------------------------------------
[7, 13, 5, 3, 10, 0, 12, 1, 9, 11, 2, 6, 4, 14, 8]
345 315
--------------------------------------------------------
[7, 13, 5, 3, 10, 0, 12, 1, 9, 11, 2, 6, 4, 14, 8]
345 316
--------------------------------------------------------
[7, 13, 5, 3, 10, 0, 12, 1, 9, 11, 2, 6, 4, 14, 8]
345 317
--------------------------------------------------------
[7, 13, 5, 3, 10, 0, 12, 1, 9, 11, 2, 6, 4, 14, 8]
345 318
--------------------------------------------------------
[7, 13, 5, 3, 10, 0, 12, 1, 9, 11, 2, 6, 4, 14, 8]
345 319
--------------------------------------------------------
[7, 13, 5, 3, 10, 0, 12, 1, 9, 11, 2, 6, 4, 14, 8]
345 320
--------------------------------------------------------
[7, 13, 5, 3, 10, 0, 12, 1, 9, 11, 2, 6, 4, 14, 8]
345 321
--------------------------------------------------------
[7, 13, 5, 3, 10, 0, 12, 1, 9, 11, 2, 6, 4, 14, 8]
345 322
--------------------------------------------------------
[7, 13, 5, 3, 10, 0, 12, 1, 9, 11, 2, 6, 4, 14, 8]
345 323
--------------------------------------------------------
[7, 13, 5, 3, 10, 0, 12, 1, 9, 11, 2, 6, 4, 14, 8]
345 324
--------------------------------------------------------
[7, 13, 5, 3, 10, 0, 12, 1, 9, 11, 2, 6, 4, 14, 8]
345 325
--------------------------------------------------------
[7, 13, 5, 3, 10, 0, 12, 1, 9, 11, 2, 6, 4, 14, 8]
345 326
--------------------------------------------------------
[7, 13, 5, 3, 10, 0, 12, 1, 9, 11, 2, 6, 4, 14, 8]
345 327
--------------------------------------------------------
[7, 13, 5, 3, 10, 0, 12, 1, 9, 11, 2, 6, 4, 14, 8]
345 328
--------------------------------------------------------
[9, 13, 5, 3, 10, 0, 12, 1, 7, 11, 2, 6, 4, 14, 8]
337 329
--------------------------------------------------------
[9, 13, 5, 3, 10, 0, 12, 1, 7, 11, 2, 6, 4, 14, 8]
337 330
--------------------------------------------------------
[9, 13, 5, 3, 10, 0, 12, 1, 7, 11, 2, 6, 4, 14, 8]
337 331
--------------------------------------------------------
[9, 13, 5, 3, 10, 0, 12, 1, 7, 11, 2, 6, 4, 14, 8]
337 332
--------------------------------------------------------
[9, 13, 5, 3, 10, 0, 12, 1, 7, 11, 2, 6, 4, 14, 8]
337 333
--------------------------------------------------------
[9, 13, 5, 3, 10, 0, 12, 1, 7, 11, 2, 6, 4, 14, 8]
337 334
--------------------------------------------------------
[9, 13, 5, 3, 10, 0, 12, 1, 7, 11, 2, 6, 4, 14, 8]
337 335
--------------------------------------------------------
[9, 13, 5, 3, 10, 0, 12, 1, 7, 11, 2, 6, 4, 14, 8]
337 336
--------------------------------------------------------
[9, 13, 5, 3, 10, 0, 12, 1, 7, 11, 2, 6, 4, 14, 8]
337 337
--------------------------------------------------------
[9, 13, 5, 3, 10, 0, 12, 1, 7, 11, 2, 6, 4, 14, 8]
337 338
--------------------------------------------------------
[9, 13, 5, 3, 10, 0, 12, 1, 7, 11, 2, 6, 4, 14, 8]
337 339
--------------------------------------------------------
[9, 13, 5, 3, 10, 0, 12, 1, 7, 11, 2, 6, 4, 14, 8]
337 340
--------------------------------------------------------
[9, 13, 5, 3, 10, 0, 12, 1, 7, 11, 2, 6, 4, 14, 8]
337 341
--------------------------------------------------------
[9, 13, 5, 3, 10, 0, 12, 1, 7, 11, 2, 6, 4, 14, 8]
337 342
--------------------------------------------------------
[9, 13, 5, 3, 10, 0, 12, 1, 7, 11, 2, 6, 4, 14, 8]
337 343
--------------------------------------------------------
[9, 13, 5, 3, 10, 0, 12, 1, 7, 11, 2, 6, 4, 14, 8]
337 344
--------------------------------------------------------
[9, 13, 5, 3, 10, 0, 12, 1, 7, 11, 2, 6, 4, 14, 8]
337 345
--------------------------------------------------------
[9, 13, 5, 3, 10, 0, 12, 1, 7, 11, 2, 6, 4, 14, 8]
337 346
--------------------------------------------------------
[9, 13, 5, 3, 10, 0, 12, 1, 7, 11, 2, 6, 4, 14, 8]
337 347
--------------------------------------------------------
[9, 13, 5, 3, 10, 0, 12, 1, 7, 11, 2, 6, 4, 14, 8]
337 348
--------------------------------------------------------
[9, 13, 5, 3, 10, 0, 12, 1, 7, 11, 2, 6, 4, 14, 8]
337 349
--------------------------------------------------------
[9, 13, 5, 3, 10, 0, 12, 1, 7, 11, 2, 6, 4, 14, 8]
337 350
--------------------------------------------------------
[9, 13, 5, 3, 10, 0, 12, 1, 7, 11, 2, 6, 4, 14, 8]
337 351
--------------------------------------------------------
[9, 13, 5, 3, 10, 0, 12, 1, 7, 11, 2, 6, 4, 14, 8]
337 352
--------------------------------------------------------
[9, 13, 5, 3, 10, 0, 12, 1, 7, 11, 2, 6, 4, 14, 8]
337 353
--------------------------------------------------------
[9, 13, 5, 3, 10, 0, 12, 1, 7, 11, 2, 6, 4, 14, 8]
337 354
--------------------------------------------------------
[9, 13, 5, 3, 10, 0, 12, 1, 7, 11, 2, 6, 4, 14, 8]
337 355
--------------------------------------------------------
[9, 13, 5, 3, 10, 0, 12, 1, 7, 11, 2, 6, 4, 14, 8]
337 356
--------------------------------------------------------
[9, 13, 5, 3, 10, 0, 12, 1, 7, 11, 2, 6, 4, 14, 8]
337 357
--------------------------------------------------------
[9, 13, 5, 3, 10, 0, 12, 1, 7, 11, 2, 6, 4, 14, 8]
337 358
--------------------------------------------------------
[9, 13, 5, 3, 10, 0, 12, 1, 7, 11, 2, 6, 4, 14, 8]
337 359
--------------------------------------------------------
[9, 13, 5, 3, 10, 0, 12, 1, 7, 11, 2, 6, 4, 14, 8]
337 360
--------------------------------------------------------
[9, 13, 5, 3, 10, 0, 12, 1, 7, 11, 2, 6, 4, 14, 8]
337 361
--------------------------------------------------------
[9, 13, 5, 3, 10, 0, 12, 1, 7, 11, 2, 6, 4, 14, 8]
337 362
--------------------------------------------------------
[9, 13, 5, 3, 10, 0, 12, 1, 7, 11, 2, 6, 4, 14, 8]
337 363
--------------------------------------------------------
[9, 13, 5, 3, 10, 0, 12, 1, 7, 11, 2, 6, 4, 14, 8]
337 364
--------------------------------------------------------
[9, 13, 5, 3, 10, 0, 12, 1, 7, 11, 2, 6, 4, 14, 8]
337 365
--------------------------------------------------------
[9, 13, 5, 3, 10, 0, 12, 1, 7, 11, 2, 6, 4, 14, 8]
337 366
--------------------------------------------------------
[9, 13, 5, 3, 10, 0, 12, 1, 7, 11, 2, 6, 4, 14, 8]
337 367
--------------------------------------------------------
[9, 13, 5, 3, 10, 0, 12, 1, 7, 11, 2, 6, 4, 14, 8]
337 368
--------------------------------------------------------
[9, 13, 5, 3, 10, 0, 12, 1, 7, 11, 2, 6, 4, 14, 8]
337 369
--------------------------------------------------------
[9, 13, 5, 3, 10, 0, 12, 1, 7, 11, 2, 6, 4, 14, 8]
337 370
--------------------------------------------------------
[9, 13, 5, 3, 10, 0, 12, 1, 7, 11, 2, 6, 4, 14, 8]
337 371
--------------------------------------------------------
[9, 13, 5, 3, 10, 0, 12, 1, 7, 11, 2, 6, 4, 14, 8]
337 372
--------------------------------------------------------
[9, 13, 5, 3, 10, 0, 12, 1, 7, 11, 2, 6, 4, 14, 8]
337 373
--------------------------------------------------------
[9, 13, 5, 3, 10, 0, 12, 1, 7, 11, 2, 6, 4, 14, 8]
337 374
--------------------------------------------------------
[9, 13, 5, 3, 10, 0, 12, 1, 7, 11, 2, 6, 4, 14, 8]
337 375
--------------------------------------------------------
[9, 13, 5, 3, 10, 0, 12, 1, 7, 11, 2, 6, 4, 14, 8]
337 376
--------------------------------------------------------
[9, 13, 5, 3, 10, 0, 12, 1, 7, 11, 2, 6, 4, 14, 8]
337 377
--------------------------------------------------------
[9, 13, 5, 3, 10, 0, 12, 1, 7, 11, 2, 6, 4, 14, 8]
337 378
--------------------------------------------------------
[9, 13, 5, 3, 10, 0, 12, 1, 7, 11, 2, 6, 4, 14, 8]
337 379
--------------------------------------------------------
[9, 13, 5, 3, 10, 0, 12, 1, 7, 11, 2, 6, 4, 14, 8]
337 380
--------------------------------------------------------
[9, 13, 5, 3, 10, 0, 12, 1, 7, 11, 2, 6, 4, 14, 8]
337 381
--------------------------------------------------------
[9, 13, 5, 3, 10, 0, 12, 1, 7, 11, 2, 6, 4, 14, 8]
337 382
--------------------------------------------------------
[9, 13, 5, 3, 10, 0, 12, 1, 7, 11, 2, 6, 4, 14, 8]
337 383
--------------------------------------------------------
[9, 13, 5, 3, 10, 0, 12, 1, 7, 11, 2, 6, 4, 14, 8]
337 384
--------------------------------------------------------
[9, 13, 5, 3, 10, 0, 12, 1, 7, 11, 2, 6, 4, 14, 8]
337 385
--------------------------------------------------------
[9, 13, 5, 3, 10, 0, 12, 1, 7, 11, 2, 6, 4, 14, 8]
337 386
--------------------------------------------------------
[9, 13, 5, 3, 10, 0, 12, 1, 7, 11, 2, 6, 4, 14, 8]
337 387
--------------------------------------------------------
[9, 13, 5, 3, 10, 0, 12, 1, 7, 11, 2, 6, 4, 14, 8]
337 388
--------------------------------------------------------
[9, 13, 5, 3, 10, 0, 12, 1, 7, 11, 2, 6, 4, 14, 8]
337 389
--------------------------------------------------------
[9, 13, 5, 3, 10, 0, 12, 1, 7, 11, 2, 6, 4, 14, 8]
337 390
--------------------------------------------------------
[9, 13, 5, 3, 10, 0, 12, 1, 7, 11, 2, 6, 4, 14, 8]
337 391
--------------------------------------------------------
[9, 13, 5, 3, 10, 0, 12, 1, 7, 11, 2, 6, 4, 14, 8]
337 392
--------------------------------------------------------
[9, 13, 5, 3, 10, 0, 12, 1, 7, 11, 2, 6, 4, 14, 8]
337 393
--------------------------------------------------------
[9, 13, 5, 3, 10, 0, 12, 1, 7, 11, 2, 6, 4, 14, 8]
337 394
--------------------------------------------------------
[9, 13, 5, 3, 10, 0, 12, 1, 7, 11, 2, 6, 4, 14, 8]
337 395
--------------------------------------------------------
[9, 13, 5, 3, 10, 0, 12, 1, 7, 11, 2, 6, 4, 14, 8]
337 396
--------------------------------------------------------
[9, 13, 5, 3, 10, 0, 12, 1, 7, 11, 2, 6, 4, 14, 8]
337 397
--------------------------------------------------------
[9, 13, 5, 3, 10, 0, 12, 1, 7, 11, 2, 6, 4, 14, 8]
337 398
--------------------------------------------------------
[9, 13, 5, 3, 10, 0, 12, 1, 7, 11, 2, 6, 4, 14, 8]
337 399
--------------------------------------------------------
[9, 13, 5, 3, 10, 0, 12, 1, 7, 11, 2, 6, 4, 14, 8]
337 400
--------------------------------------------------------
[9, 13, 5, 3, 10, 0, 12, 1, 7, 11, 2, 6, 4, 14, 8]
337 401
--------------------------------------------------------
[9, 13, 5, 3, 10, 0, 12, 1, 7, 11, 2, 6, 4, 14, 8]
337 402
--------------------------------------------------------
[9, 13, 5, 3, 10, 0, 12, 1, 7, 11, 2, 6, 4, 14, 8]
337 403
--------------------------------------------------------
[9, 13, 5, 3, 10, 0, 12, 1, 7, 11, 2, 6, 4, 14, 8]
337 404
--------------------------------------------------------
[9, 13, 5, 3, 10, 0, 12, 1, 7, 11, 2, 6, 4, 14, 8]
337 405
--------------------------------------------------------
[11, 13, 5, 3, 10, 0, 12, 1, 7, 2, 6, 4, 14, 8, 9]
335 406
--------------------------------------------------------
[11, 13, 5, 3, 10, 0, 12, 1, 7, 2, 6, 4, 14, 8, 9]
335 407
--------------------------------------------------------
[11, 13, 5, 3, 10, 0, 12, 1, 7, 2, 6, 4, 14, 8, 9]
335 408
--------------------------------------------------------
[11, 13, 5, 3, 10, 0, 12, 1, 7, 2, 6, 4, 14, 8, 9]
335 409
--------------------------------------------------------
[11, 13, 5, 3, 10, 0, 12, 1, 7, 2, 6, 4, 14, 8, 9]
335 410
--------------------------------------------------------
[11, 13, 5, 3, 10, 0, 12, 1, 7, 2, 6, 4, 14, 8, 9]
335 411
--------------------------------------------------------
[11, 13, 5, 3, 10, 0, 12, 1, 7, 2, 6, 4, 14, 8, 9]
335 412
--------------------------------------------------------
[11, 13, 5, 3, 10, 0, 12, 1, 7, 2, 6, 4, 14, 8, 9]
335 413
--------------------------------------------------------
[11, 13, 5, 3, 10, 0, 12, 1, 7, 2, 6, 4, 14, 8, 9]
335 414
--------------------------------------------------------
[11, 13, 5, 3, 10, 0, 12, 1, 7, 2, 6, 4, 14, 8, 9]
335 415
--------------------------------------------------------
[11, 13, 5, 3, 10, 0, 12, 1, 7, 2, 6, 4, 14, 8, 9]
335 416
--------------------------------------------------------
[11, 13, 5, 3, 10, 0, 12, 1, 7, 2, 6, 4, 14, 8, 9]
335 417
--------------------------------------------------------
[11, 13, 5, 3, 10, 0, 12, 1, 7, 2, 6, 4, 14, 8, 9]
335 418
--------------------------------------------------------
[11, 13, 5, 3, 10, 0, 12, 1, 7, 2, 6, 4, 14, 8, 9]
335 419
--------------------------------------------------------
[11, 13, 5, 3, 10, 0, 12, 1, 7, 2, 6, 4, 14, 8, 9]
335 420
--------------------------------------------------------
[11, 13, 5, 3, 10, 0, 12, 1, 7, 2, 6, 4, 14, 8, 9]
335 421
--------------------------------------------------------
[11, 13, 5, 3, 10, 0, 12, 1, 7, 2, 6, 4, 14, 8, 9]
335 422
--------------------------------------------------------
[11, 13, 5, 3, 10, 0, 12, 1, 7, 2, 6, 4, 14, 8, 9]
335 423
--------------------------------------------------------
[11, 13, 5, 3, 10, 0, 12, 1, 7, 2, 6, 4, 14, 8, 9]
335 424
--------------------------------------------------------
[11, 13, 5, 3, 10, 0, 12, 1, 7, 2, 6, 4, 14, 8, 9]
335 425
--------------------------------------------------------
[11, 13, 5, 3, 10, 0, 12, 1, 7, 2, 6, 4, 14, 8, 9]
335 426
--------------------------------------------------------
[11, 13, 5, 3, 10, 0, 12, 1, 7, 2, 6, 4, 14, 8, 9]
335 427
--------------------------------------------------------
[11, 13, 5, 3, 10, 0, 12, 1, 7, 2, 6, 4, 14, 8, 9]
335 428
--------------------------------------------------------
[11, 13, 5, 3, 10, 0, 12, 1, 7, 2, 6, 4, 14, 8, 9]
335 429
--------------------------------------------------------
[11, 13, 5, 3, 10, 0, 12, 1, 7, 2, 6, 4, 14, 8, 9]
335 430
--------------------------------------------------------
[11, 13, 5, 3, 10, 0, 12, 1, 7, 2, 6, 4, 14, 8, 9]
335 431
--------------------------------------------------------
[11, 13, 5, 3, 10, 0, 12, 1, 7, 2, 6, 4, 14, 8, 9]
335 432
--------------------------------------------------------
[11, 13, 5, 3, 10, 0, 12, 1, 7, 2, 6, 4, 14, 8, 9]
335 433
--------------------------------------------------------
[11, 13, 5, 3, 10, 0, 12, 1, 7, 2, 6, 4, 14, 8, 9]
335 434
--------------------------------------------------------
[11, 13, 5, 3, 10, 0, 12, 1, 7, 2, 6, 4, 14, 8, 9]
335 435
--------------------------------------------------------
[11, 13, 5, 3, 10, 0, 12, 1, 7, 2, 6, 4, 14, 8, 9]
335 436
--------------------------------------------------------
[11, 13, 5, 3, 10, 0, 12, 1, 7, 2, 6, 4, 14, 8, 9]
335 437
--------------------------------------------------------
[11, 13, 5, 3, 10, 0, 12, 1, 7, 2, 6, 4, 14, 8, 9]
335 438
--------------------------------------------------------
[11, 13, 5, 3, 10, 0, 12, 1, 7, 2, 6, 4, 14, 8, 9]
335 439
--------------------------------------------------------
[11, 13, 5, 3, 10, 0, 12, 1, 7, 2, 6, 4, 14, 8, 9]
335 440
--------------------------------------------------------
[11, 13, 5, 3, 10, 0, 12, 1, 7, 2, 6, 4, 14, 8, 9]
335 441
--------------------------------------------------------
[11, 13, 5, 3, 10, 0, 12, 1, 7, 2, 6, 4, 14, 8, 9]
335 442
--------------------------------------------------------
[11, 13, 5, 3, 10, 0, 12, 1, 7, 2, 6, 4, 14, 8, 9]
335 443
--------------------------------------------------------
[11, 13, 5, 3, 10, 0, 12, 1, 7, 2, 6, 4, 14, 8, 9]
335 444
--------------------------------------------------------
[11, 13, 5, 3, 10, 0, 12, 1, 7, 2, 6, 4, 14, 8, 9]
335 445
--------------------------------------------------------
[11, 13, 5, 3, 10, 0, 12, 1, 7, 2, 6, 4, 14, 8, 9]
335 446
--------------------------------------------------------
[11, 13, 5, 3, 10, 0, 12, 1, 7, 2, 6, 4, 14, 8, 9]
335 447
--------------------------------------------------------
[11, 13, 5, 3, 10, 0, 12, 1, 7, 2, 6, 4, 14, 8, 9]
335 448
--------------------------------------------------------
[11, 13, 5, 3, 10, 0, 12, 1, 7, 2, 6, 4, 14, 8, 9]
335 449
--------------------------------------------------------
[11, 13, 5, 3, 10, 0, 12, 1, 7, 2, 6, 4, 14, 8, 9]
335 450
--------------------------------------------------------
[11, 13, 5, 3, 10, 0, 12, 1, 7, 2, 6, 4, 14, 8, 9]
335 451
--------------------------------------------------------
[11, 13, 5, 3, 10, 0, 12, 1, 7, 2, 6, 4, 14, 8, 9]
335 452
--------------------------------------------------------
[11, 13, 5, 3, 10, 0, 12, 1, 7, 2, 6, 4, 14, 8, 9]
335 453
--------------------------------------------------------
[11, 13, 5, 3, 10, 0, 12, 1, 7, 2, 6, 4, 14, 8, 9]
335 454
--------------------------------------------------------
[11, 13, 5, 3, 10, 0, 12, 1, 7, 2, 6, 4, 14, 8, 9]
335 455
--------------------------------------------------------
[11, 13, 5, 3, 10, 0, 12, 1, 7, 2, 6, 4, 14, 8, 9]
335 456
--------------------------------------------------------
[11, 13, 5, 3, 10, 0, 12, 1, 7, 2, 6, 4, 14, 8, 9]
335 457
--------------------------------------------------------
[11, 13, 5, 3, 10, 0, 12, 1, 7, 2, 6, 4, 14, 8, 9]
335 458
--------------------------------------------------------
[11, 13, 5, 3, 10, 0, 12, 1, 7, 2, 6, 4, 14, 8, 9]
335 459
--------------------------------------------------------
[11, 13, 5, 3, 10, 0, 12, 1, 7, 2, 6, 4, 14, 8, 9]
335 460
--------------------------------------------------------
[11, 13, 5, 3, 10, 0, 12, 1, 7, 2, 6, 4, 14, 8, 9]
335 461
--------------------------------------------------------
[11, 13, 5, 3, 10, 0, 12, 1, 7, 2, 6, 4, 14, 8, 9]
335 462
--------------------------------------------------------
[11, 13, 5, 3, 10, 0, 12, 1, 7, 2, 6, 4, 14, 8, 9]
335 463
--------------------------------------------------------
[11, 13, 5, 3, 10, 0, 12, 1, 7, 2, 6, 4, 14, 8, 9]
335 464
--------------------------------------------------------
[11, 13, 5, 3, 10, 0, 12, 1, 7, 2, 6, 4, 14, 8, 9]
335 465
--------------------------------------------------------
[11, 13, 5, 3, 10, 0, 12, 1, 7, 2, 6, 4, 14, 8, 9]
335 466
--------------------------------------------------------
[11, 13, 5, 3, 10, 0, 12, 1, 7, 2, 6, 4, 14, 8, 9]
335 467
--------------------------------------------------------
[11, 13, 5, 3, 10, 0, 12, 1, 7, 2, 6, 4, 14, 8, 9]
335 468
--------------------------------------------------------
[11, 13, 5, 3, 10, 0, 12, 1, 7, 2, 6, 4, 14, 8, 9]
335 469
--------------------------------------------------------
[11, 13, 5, 3, 10, 0, 12, 1, 7, 2, 6, 4, 14, 8, 9]
335 470
--------------------------------------------------------
[11, 13, 5, 3, 10, 0, 12, 1, 7, 2, 6, 4, 14, 8, 9]
335 471
--------------------------------------------------------
[11, 13, 5, 3, 10, 0, 12, 1, 7, 2, 6, 4, 14, 8, 9]
335 472
--------------------------------------------------------
[11, 13, 5, 3, 10, 0, 12, 1, 7, 2, 6, 4, 14, 8, 9]
335 473
--------------------------------------------------------
[11, 13, 5, 3, 10, 0, 12, 1, 7, 2, 6, 4, 14, 8, 9]
335 474
--------------------------------------------------------
[11, 13, 5, 3, 10, 0, 12, 1, 7, 2, 6, 4, 14, 8, 9]
335 475
--------------------------------------------------------
[11, 13, 5, 3, 10, 0, 12, 1, 7, 2, 6, 4, 14, 8, 9]
335 476
--------------------------------------------------------
[11, 13, 5, 3, 10, 0, 12, 1, 7, 2, 6, 4, 14, 8, 9]
335 477
--------------------------------------------------------
[11, 13, 5, 3, 10, 0, 12, 1, 7, 2, 6, 4, 14, 8, 9]
335 478
--------------------------------------------------------
[11, 13, 5, 3, 10, 0, 12, 1, 7, 2, 6, 4, 14, 8, 9]
335 479
--------------------------------------------------------
[11, 13, 5, 3, 10, 0, 12, 1, 7, 2, 6, 4, 14, 8, 9]
335 480
--------------------------------------------------------
[11, 13, 5, 3, 10, 0, 12, 1, 7, 2, 6, 4, 14, 8, 9]
335 481
--------------------------------------------------------
[11, 13, 5, 3, 10, 0, 12, 1, 7, 2, 6, 4, 14, 8, 9]
335 482
--------------------------------------------------------
[11, 13, 5, 3, 10, 0, 12, 1, 7, 2, 6, 4, 14, 8, 9]
335 483
--------------------------------------------------------
[11, 13, 5, 3, 10, 0, 12, 1, 7, 2, 6, 4, 14, 8, 9]
335 484
--------------------------------------------------------
[11, 13, 5, 3, 10, 0, 12, 1, 7, 2, 6, 4, 14, 8, 9]
335 485
--------------------------------------------------------
[11, 13, 5, 3, 10, 0, 12, 1, 7, 2, 6, 4, 14, 8, 9]
335 486
--------------------------------------------------------
[11, 13, 5, 3, 10, 0, 12, 1, 7, 2, 6, 4, 14, 8, 9]
335 487
--------------------------------------------------------
[11, 13, 5, 3, 10, 0, 12, 1, 7, 2, 6, 4, 14, 8, 9]
335 488
--------------------------------------------------------
[11, 13, 5, 3, 10, 0, 12, 1, 7, 2, 6, 4, 14, 8, 9]
335 489
--------------------------------------------------------
[11, 13, 5, 3, 10, 0, 12, 1, 7, 2, 6, 4, 14, 8, 9]
335 490
--------------------------------------------------------
[11, 13, 5, 3, 10, 0, 12, 1, 7, 2, 6, 4, 14, 8, 9]
335 491
--------------------------------------------------------
[11, 13, 5, 3, 10, 0, 12, 1, 7, 2, 6, 4, 14, 8, 9]
335 492
--------------------------------------------------------
[11, 13, 5, 3, 10, 0, 12, 1, 7, 2, 6, 4, 14, 8, 9]
335 493
--------------------------------------------------------
[11, 13, 5, 3, 10, 0, 12, 1, 7, 2, 6, 4, 14, 8, 9]
335 494
--------------------------------------------------------
[11, 13, 5, 3, 10, 0, 12, 1, 7, 2, 6, 4, 14, 8, 9]
335 495
--------------------------------------------------------
[11, 13, 5, 3, 10, 0, 12, 1, 7, 2, 6, 4, 14, 8, 9]
335 496
--------------------------------------------------------
[11, 13, 5, 3, 10, 0, 12, 1, 7, 2, 6, 4, 14, 8, 9]
335 497
--------------------------------------------------------
[11, 13, 5, 3, 10, 0, 12, 1, 7, 2, 6, 4, 14, 8, 9]
335 498
--------------------------------------------------------
[11, 13, 5, 3, 10, 0, 12, 1, 7, 2, 6, 4, 14, 8, 9]
335 499
--------------------------------------------------------
[11, 13, 5, 3, 10, 0, 12, 1, 7, 2, 6, 4, 14, 8, 9]
335
--------------------------------------------------------
