[1, 0, 0, 1, 0, 0, 1, 0, 0, 0, 0, 0, 1, 0, 0, 0, 1, 1]
2.1760271698093345
------------------------------------------------------
[1, 0, 0, 0, 1, 1, 0, 1, 1, 1, 1, 0, 1, 0, 0, 0, 0, 0]
1.3387349155912394
------------------------------------------------------
[0, 1, 1, 1, 1, 1, 0, 1, 1, 1, 1, 0, 1, 0, 0, 0, 0, 0]
0.4283411212881565
------------------------------------------------------
[0, 1, 1, 1, 1, 1, 0, 1, 1, 1, 1, 0, 1, 0, 0, 0, 0, 0]
0.4283411212881565
------------------------------------------------------
[0, 1, 1, 1, 1, 1, 1, 0, 0, 0, 0, 0, 1, 0, 0, 0, 0, 0]
0.1799478151580023
------------------------------------------------------
[0, 1, 1, 1, 1, 1, 1, 0, 0, 0, 0, 0, 1, 0, 0, 0, 0, 0]
0.1799478151580023
------------------------------------------------------
[0, 1, 1, 1, 1, 1, 1, 0, 0, 0, 0, 0, 1, 0, 0, 0, 0, 0]
0.1799478151580023
------------------------------------------------------
[0, 1, 1, 1, 1, 1, 1, 0, 0, 0, 0, 0, 1, 0, 0, 0, 0, 0]
0.1799478151580023
------------------------------------------------------
[0, 1, 1, 1, 1, 1, 1, 0, 0, 0, 0, 0, 1, 0, 0, 0, 0, 0]
0.1799478151580023
------------------------------------------------------
[0, 1, 1, 1, 1, 1, 1, 0, 0, 0, 0, 0, 1, 0, 0, 0, 0, 0]
0.1799478151580023
------------------------------------------------------

------------------------------------------------------
[0, 1, 1, 1, 1, 1, 1, 0, 0, 0, 0, 0, 1, 0, 0, 0, 0, 0]
0.1799478151580023
------------------------------------------------------
O numero de geracoes foi: 10
