7.691063196777447 [-1.51932454  1.99816465]
6.714347655155713 [-1.92358653  1.25216608]
4.150004649528963 [ 0.42321967 -0.52744378]
6.071700512781799 [-1.40747651 -0.77479292]
6.10377605763496 [ 0.2880252  -1.51820005]
5.852330260199164 [ 1.31223865 -0.55656196]
7.713122745234461 [ 1.74087649 -1.53010853]
7.366383164335229 [-1.64823641 -1.34936017]
7.633543704583273 [-1.471263   -1.74577912]
4.597294570701571 [ 0.6095877 -0.712494 ]
6.885331118053998 [-1.26556096 -1.44698136]
3.6255564191539453 [-0.19592115 -0.73997905]
7.4628888598859735 [-1.8107224   1.76720745]
4.267108204546965 [0.3453672  1.00555079]
4.799519150099897 [-0.68074997 -1.08827086]
4.565666800459287 [-0.69277957  0.75347162]
5.465724869768742 [-0.45896185  1.23354453]
4.0457277233205176 [-0.49484835 -0.40473421]
7.670125014248093 [-1.99305745  1.50539393]
6.329283308558782 [-0.31482905  1.64056865]
7.487721660964551 [1.39809522 1.64572284]
2.760557857900942 [-0.12079919 -0.36833475]
3.9708957503861133 [-0.28323552  0.71590799]
6.373399177291084 [-1.61802343 -0.34778922]
7.487442368297765 [-1.69506482 -1.96642239]
6.748753158885652 [1.49245879 1.19817553]
7.504846149346376 [1.50965019 1.47251512]
6.195770477242874 [-1.09740764  1.40969102]
6.094067888032573 [-0.58951333  1.38210609]
4.369781046917872 [ 0.40614246 -0.94532148]
5.8426862699837265 [1.97985129 0.834685  ]
6.688800300174886 [-0.58215231  1.95928001]
6.52635494911334 [1.38217689 1.21399489]
5.682501481401953 [-1.28715324 -0.71246313]
6.348680837302091 [ 0.68951966 -1.48569184]
6.058957769132533 [-0.78847056  1.96719335]
5.871664498319529 [0.20760674 1.49551247]
4.428720406803066 [0.57529805 0.53550219]
6.661409367093562 [ 1.72629631 -0.57354349]
4.033477604980671 [ 1.10242905 -0.97891288]
5.486450593551023 [-1.22145052 -0.6095453 ]
6.55121882661027 [-1.67035594  0.70999953]
3.3535388981987144 [-0.13204642 -0.75272548]
4.832350455204018 [-1.11457849 -1.15220963]
7.63783134664633 [-1.64244819 -1.99702652]
6.465914975641024 [ 1.08696057 -1.63486857]
3.195808507629867 [0.1796946  0.42703359]
3.6227047438455817 [0.55386416 0.21126535]
6.64233420644025 [-1.20126296 -1.43820071]
7.25260928998682 [ 1.7518408  -1.32373361]
6.569818373594259 [-0.40400341  1.95750542]
4.3813155893088584 [-0.32727409  1.06511922]
6.410093143704266 [-1.11731423 -1.46208714]
4.927446631227795 [ 1.93032413 -0.03057717]
7.445985929047961 [-1.54229896 -1.41732995]
7.53522711165645 [-1.53761755 -1.46835729]
4.963152451521481 [0.14495855 1.30544307]
4.597792430501919 [ 0.59995768 -0.96301532]
0.565641807921438 [-0.10367941  0.01630309]
4.648084218236708 [ 0.70697148 -1.06680793]
4.206552619569816 [-0.33704946  0.99406814]
7.038157290213359 [-1.28606227 -1.49178632]
7.448496344969932 [-1.66536783  1.37954417]
2.057343917929153 [0.28143659 0.05268165]
5.0769116833537815 [ 1.02283487 -1.23780216]
3.6299042996183144 [-0.38902431  0.347709  ]
6.42802648400734 [1.66234078 0.35646405]
5.381208364590567 [1.83819032 0.10740533]
4.516554394963517 [-0.81862096 -0.50692408]
7.769137698515818 [1.66823957 1.59175736]
5.771985747416952 [-1.00231819 -1.81964164]
6.165307339602396 [0.28047957 1.56130362]
7.231202930122281 [-1.3291048  1.5386406]
4.479314726586384 [ 0.81582149 -0.70754328]
2.6063035116430737 [ 0.94204091 -0.02975624]
5.272256011148151 [ 0.52948736 -1.17249895]
4.599004514012126 [-0.73588594 -0.64400026]
3.487467896123136 [-0.21421463 -0.93875735]
3.8956407403508426 [-0.84770461 -0.9189328 ]
5.414406446396214 [-1.44553551 -0.05085141]
6.343905176552816 [-1.60624642  0.85086964]
5.97838955270937 [-0.79007427 -1.38525783]
2.62943835562113 [-0.96141719  0.04165301]
5.314091805098414 [0.69256989 1.20308863]
4.409268288183817 [ 0.72543323 -1.005795  ]
6.189596645122467 [ 0.77875165 -1.85202639]
6.574183514797902 [ 1.97261667 -1.99785962]
5.691715232496062 [-1.09246346 -1.95805837]
3.781879138092617 [-0.2355653  -0.74334635]
3.8493566723413193 [ 1.01327552 -0.2556921 ]
5.2287935288984535 [-0.94740651 -1.2704392 ]
5.230173649154111 [ 0.42333126 -1.19270198]
0.2764413658233811 [ 0.03946369 -0.04810036]
4.4196512675231965 [-1.15566568 -0.93374107]
6.658903699261543 [-1.82885689 -0.51261024]
6.544179705699886 [-0.58008561  1.58405337]
4.533834725721281 [-0.69517638 -0.78391473]
6.693821125321875 [ 0.47333962 -1.96364353]
6.953990788894368 [ 1.46870436 -1.27268973]
3.917645137215445 [-1.20018694  0.00389558]
6.600347993623714 [-0.4031216 -1.9803611]
6.619849373140834 [0.46009994 1.87712857]
4.5488995096990905 [-1.05875865  0.3788523 ]
6.5647772489192455 [-0.65620404 -1.96585633]
7.622890277640764 [-1.46380972  1.7392701 ]
5.71076818878241 [-0.18599808  1.85012338]
3.290446260566956 [-0.07004477  0.68023963]
4.323432087932815 [0.79604054 0.79966649]
4.160742968930403 [0.77957346 0.91232121]
7.73984702145891 [ 1.63859779 -1.56044678]
6.048046925202826 [-0.47295223 -1.38843894]
6.22064394659024 [-1.67896466  1.0015383 ]
3.4046195257930347 [ 0.3339279  -0.33359383]
6.479844492280389 [-1.54340534  0.63106908]
5.483586055238931 [-1.29348761  1.03971713]
7.776687578427969 [ 1.60867789 -1.67116855]
5.967386860852333 [ 1.39807948 -1.02391342]
6.606487687226366 [-0.64347135  1.78717499]
4.6516092384083585 [-0.44559388  1.03641793]
5.749562982579523 [-0.84911748  1.34791237]
5.302116786385692 [1.26016893 1.05051783]
6.316017856910918 [0.60757777 1.46288108]
6.372332968920027 [-1.54377853  1.05329671]
5.477873472778803 [-0.37665535  1.26999848]
6.501251144540539 [ 0.60091347 -1.554985  ]
5.453876556655402 [-0.05119932 -1.76484909]
6.70218493088781 [1.18601801 1.73406664]
6.567184299161319 [-1.62327758  0.50381443]
5.868575857519396 [1.9378913  0.23316146]
7.561155807014565 [1.4279993 1.6989694]
5.155839335763535 [ 1.36303936 -0.10193614]
7.190669788275484 [-1.33841937  1.8681178 ]
4.619210648236194 [ 1.21354706 -0.2035717 ]
6.1352447845497835 [-0.971862   -1.47260848]
4.823804043267437 [-1.14875229  0.34538044]
4.387162729402135 [0.53725808 0.54347084]
7.658360540364566 [-1.81257779  1.51152359]
3.572119602933992 [-0.72191126  0.17729781]
6.4106188616768165 [-1.08456185 -1.51172534]
3.6030674689386193 [ 0.30987004 -0.41953804]
6.709535974541179 [ 1.21365571 -1.79494273]
4.5494586466491285 [-0.60905457 -0.60734017]
6.087859191024474 [-1.72648703 -0.95035792]
5.671701635380781 [ 1.29917261 -0.41728802]
5.832177064387476 [ 1.90378884 -0.84279932]
7.783435876496604 [ 1.63912566 -1.65061887]
6.2062853649797844 [-1.45415882  0.44933503]
6.492494250125688 [-0.68266389 -1.96824918]
7.608937657245336 [1.48328978 1.83373654]
3.0559742055242087 [ 0.00959953 -0.76029295]
5.875482263383439 [ 1.99511323 -0.83237608]
3.7058895899463917 [-0.22190028  0.7638451 ]
5.946402830402548 [ 1.09283645 -1.35079969]
6.383839786060594 [1.8278293  0.73199685]
6.232372393851417 [ 0.99408121 -1.66813239]
5.687056059079129 [0.9724481  1.83771416]
6.158084960342276 [0.87722938 1.47643494]
5.666707192043038 [0.03556613 1.65131234]
6.036180560936124 [-1.78641933  0.23327774]
6.193468872967664 [ 1.48446099 -1.0039306 ]
4.506656786429549 [ 1.15934849 -0.25208154]
4.405025573380076 [ 0.74580231 -0.81641379]
4.4123202625406535 [0.9588372  0.41548904]
4.4051297313020115 [-0.89470373 -0.43483626]
4.498415815744604 [0.66295494 0.94776226]
6.336368463216104 [0.63520772 1.47208537]
6.28855862790547 [-1.06222796  1.70277254]
6.964324424505598 [1.54343697 1.2398179 ]
4.332080550877972 [-0.71510345  0.41051396]
6.386790410128526 [ 1.51204706 -0.71463454]
5.180770478507984 [-1.21746584  0.35259521]
7.68594508743524 [ 1.83135122 -1.60124598]
2.6458742566694124 [ 0.04389011 -0.97514032]
6.47440473298839 [ 0.67813058 -1.54998713]
4.941963357391646 [ 0.12926832 -1.30997246]
4.03871646167816 [-0.82201464 -0.88981466]
7.607184097303575 [1.87367467 1.4951048 ]
4.3879305823449215 [ 1.14547966 -0.9092559 ]
6.038082221952443 [ 1.7596129  -1.02708108]
5.964261225056887 [ 1.86692235 -1.11227936]
6.919943553899991 [-1.6578034   1.21631564]
5.001981283943387 [1.16291573 0.74056204]
3.619995300081936 [-0.63267903  0.18285819]
6.177524878558408 [-1.56513083  0.28342772]
6.939211099159863 [-1.21932963  1.61332209]
3.53024418626891 [0.36326636 0.34149986]
5.1583195084742535 [-1.14818021 -0.51340532]
6.024564576617276 [0.92636746 1.75460724]
4.782771846545685 [-0.6955498  -1.09284508]
5.0857627631914255 [-0.24607682  1.26522173]
3.433445479643702 [0.01914087 1.13952615]
6.458364976382622 [-1.78281193  0.72547016]
7.626703540454514 [1.78861785 1.47860114]
5.543551998989933 [-1.31804749  0.99443185]
6.055170793368376 [1.44040487 0.88840855]
4.581873175251808 [ 0.63031044 -0.63003036]
6.207159244207563 [-1.06036289 -1.73200848]
6.129074064360111 [-1.10228528 -1.38687163]
6.943912047817713 [1.23315074 1.54519977]
5.501281100979277 [ 0.06484889 -1.46794909]
5.862501988756868 [0.93199804 1.39037119]
7.397515524878601 [-1.91867457  1.40172329]
6.5114496869641805 [-1.92172197  0.39260659]
4.702131433084833 [-1.09366928  0.38528171]
3.1098991056168086 [0.08714891 0.78973092]
5.795126678876379 [-0.2981574   1.39600731]
6.33835846185746 [ 0.33380483 -1.86104548]
5.997554140452134 [-0.24841275 -1.50879592]
3.3827792407806965 [-0.19513394 -0.90412187]
4.251526767968585 [-0.08681457  1.22536085]
6.383158719292627 [-1.58759679 -0.37695791]
3.055103339301738 [0.10897894 0.83828367]
3.4869419469411196 [0.14603141 0.60051024]
4.561144694942708 [-0.55853368  0.81677999]
6.081676227800955 [1.75485167 1.03972206]
4.506974427900559 [-0.65831671  0.94743087]
4.177282302233369 [0.97443275 0.33905675]
6.3501923474570106 [-0.31698108  1.75100658]
4.534705258005626 [-0.35503237  1.07667594]
4.224624045419791 [-0.44345439  0.54605397]
7.039469853961599 [-1.50517105  1.27934529]
6.435818962161626 [1.55306761 0.73727783]
6.651924114117591 [-1.59678704 -1.14003423]
7.044050475969149 [-1.25949827  1.71614502]
3.9063186925644904 [-0.57689177 -0.29341763]
4.064028774421427 [0.82429841 0.87389909]
4.595724235102249 [-0.66756364 -0.73062639]
5.626235402552705 [-1.34441538  0.30651747]
5.805187790961586 [-1.31401462 -0.7055568 ]
7.52597937173149 [-1.41297599  1.66338636]
3.186643404029685 [-0.45469693 -0.14631194]
4.76242308525174 [ 0.45494788 -1.06549742]
4.167377430957302 [0.44002467 0.51714692]
6.273827823288222 [ 0.84011012 -1.51777541]
3.39289748163267 [ 1.09551743 -0.11246006]
3.0082552302461143 [ 0.08836292 -1.04613459]
5.858860296423195 [0.333555   1.39285591]
4.029558773282016 [-1.04748572 -1.07578747]
7.025220351382645 [1.75579868 1.26632695]
6.601134879823352 [-1.63531253 -0.54830816]
6.355339005252532 [-1.6376067  -0.84083256]
6.485329126296463 [-1.25739925  1.32301369]
6.4727456534591 [-0.67847139 -1.54903684]
5.328423518434398 [-0.80423761  1.25007072]
4.267294494263137 [-0.38650251  0.69495488]
6.476397650536256 [-0.7522681   1.70420681]
4.985867773250828 [0.01402575 1.89171002]
4.014209222018714 [-0.33346144  0.5751257 ]
1.6089477516926576 [ 0.16624062 -0.14870667]
6.122241381430385 [-0.24503033  1.59010861]
6.382617545264672 [ 1.50535902 -0.70152667]
6.0871150409495485 [1.47382216 0.3312846 ]
6.365192867889068 [ 0.75194934 -1.51710398]
6.284599030446138 [-0.90472229  1.58359704]
5.926835564349062 [ 0.34484631 -1.40744229]
5.5976352756875976 [ 0.99235976 -1.86288798]
0.861780103604858 [0.02354591 0.14014488]
6.241944617437618 [-0.29163404 -1.79670171]
7.5572959463332605 [-1.42716352  1.71724496]
6.654430621026634 [1.80448562 0.58620883]
3.397729894498515 [ 0.15686262 -1.05261742]
5.01851917100651 [-1.15015585 -0.41337373]
5.964965910162945 [-0.95527175  1.41723415]
6.582926648120495 [ 1.46665623 -1.16540091]
5.879030584913512 [0.38091661 1.37289775]
4.516893913167358 [ 0.93003738 -0.48297892]
6.419186374360912 [-1.87718924  0.36144026]
7.582237408270709 [ 1.82331795 -1.46385165]
5.638812505010343 [1.30664105 0.79716742]
5.140081765573253 [ 1.37175173 -0.0717683 ]
3.41282420031612 [-0.76924334 -0.15515134]
7.653536210010671 [-1.52146636 -1.83891957]
4.926387031796839 [ 1.3315226  -0.07081379]
4.274977960877646 [-0.40752464  0.64051972]
4.066599604398927 [-0.87592269  1.07794594]
7.559575614388216 [ 1.78458873 -1.44083937]
7.734454278579507 [-1.65127308  1.75497652]
3.2171977416278428 [ 0.69496803 -0.03458317]
4.2887745417697865 [1.14169769 0.22833945]
3.2475218563769706 [ 0.60015579 -0.0132995 ]
7.026064088325338 [-1.97266696  1.8164524 ]
5.904015698130863 [-1.37493107 -0.8179947 ]
5.409263276731558 [1.28450377 1.03176829]
4.569613163539614 [-0.80578181 -0.57243248]
4.414215013730459 [ 0.99397701 -0.71695496]
5.099230482099621 [ 1.32527503 -0.15379446]
5.61545802695554 [1.30537077 1.06222375]
5.732949635896411 [-0.85907435  1.92372774]
4.580325020546141 [0.60546128 0.79138616]
1.9387976847998378 [-0.26511749  0.05300304]
6.115791329929451 [1.71521879 0.95926886]
5.440068903649369 [-1.27983682  0.82996684]
7.66906585701625 [-1.60764912 -1.8490063 ]
5.8131322059551955 [ 0.12003641 -1.657479  ]
3.301538654532781 [ 0.18225932 -0.91254349]
6.650074533324577 [-0.49728714  1.75750075]
7.685736910735045 [ 1.56676792 -1.98176091]
4.715452791430025 [ 1.06306041 -0.43542527]
7.329839069773131 [-1.38734847 -1.50475694]
7.589965011061727 [1.64508168 1.94514715]
5.881214226001575 [ 0.21610955 -1.4908789 ]
3.9206999670508798 [-0.93592661 -0.83629132]
2.8562021883853075 [0.10009932 0.91425746]
5.7085898972054885 [1.91394671 1.0857154 ]
7.073867567848993 [-1.67885822  1.25982251]
6.064528192527607 [-0.90651729  1.44727836]
2.7659503280632127 [1.0041293  0.06592364]
7.177136601389954 [-1.96380427 -1.3384962 ]
1.8046814090013368 [-0.08458821  0.23569381]
3.455331864675984 [ 0.50392235 -0.18986065]
1.525519768545085 [-0.22057901 -0.00408848]
4.428373394819978 [0.8787944  0.69890916]
6.674124296772469 [0.5909609  1.95499179]
6.733160597818042 [-0.54770235  1.9741422 ]
6.594897877120051 [-0.62753976  1.92356143]
3.7591562623105195 [1.04456005 0.22237734]
6.9323508616227585 [1.88572694 1.86880847]
6.461830132541223 [-0.37614423 -1.86305377]
5.3201240752373735 [0.45321567 1.20160224]
2.647534665470332 [ 0.38056197 -0.04137132]
6.654161501597951 [ 1.78123439 -0.50046681]
7.690419642201745 [1.78161327 1.52539171]
5.297259287813347 [1.28034422 0.2877905 ]
6.795604829561519 [1.82540591 1.24231874]
2.4596417029871316 [-0.10420279 -0.32225872]
7.326330600271593 [-1.39412095  1.49271276]
6.353746985065438 [-0.3395772   1.61380791]
6.806381270870753 [-1.18296583 -1.61653284]
4.070872980114341 [-0.41165562  0.49934181]
5.646213375768678 [-0.09985597 -1.5029553 ]
1.6051175913515299 [-0.19111076 -0.11683302]
5.764320593275528 [1.11043724 1.30164346]
5.852932023305389 [ 1.39142931 -0.3329266 ]
4.011255466017229 [-0.31098733  0.94020233]
5.9337954497582786 [-1.38329241  0.39395463]
6.103240395626752 [-1.08661062  1.79125593]
6.600898087597294 [ 1.92429699 -1.23366775]
5.574535911460369 [-1.37816983 -0.23470889]
5.164315551081014 [-1.22212693  0.80521037]
5.8270463278466025 [-0.84770952 -1.89473054]
0.6736539734386722 [-0.04311951  0.11051276]
2.6998458015423137 [ 0.23258835 -0.26815901]
7.365269003242597 [-1.42016117 -1.48232741]
3.957751754222205 [0.86137313 1.0406129 ]
3.2088820067311237 [-8.74726849e-04 -1.11118705e+00]
4.555375877638554 [ 1.0964112  -0.33841556]
6.472923482220793 [ 0.38009495 -1.857402  ]
6.095251557325621 [ 1.4553119  -0.89133315]
3.9234061424423854 [-0.14052267 -1.15360076]
6.536126372826512 [-1.31465376  1.2784573 ]
6.603933425897342 [1.85263232 0.44888528]
2.7998773611997447 [-0.89847291 -0.0806049 ]
6.640346847858634 [ 1.14259477 -1.65164097]
5.394417386834757 [ 1.26204231 -0.35509197]
6.288175721168557 [ 1.57016615 -0.99024513]
6.375632535622632 [-1.75080449  1.12172872]
0.8856652571816643 [-0.05000137  0.13546412]
7.0252660276174925 [1.5618017  1.25253333]
6.520688660000808 [-0.56142501  1.57091473]
4.535239841705369 [0.84510848 0.64467842]
4.544005809356875 [ 1.10150062 -0.78226196]
4.254391231739675 [-0.74995529 -0.93855231]
4.55579787726526 [-0.55927441  0.86469454]
6.923413770918337 [-1.62763143  1.21485566]
5.714348912013676 [0.06579811 1.63500327]
7.652252887361174 [-1.93873958 -1.55478571]
3.7427536915014596 [-0.2330265  -0.58987813]
4.516846686008453 [0.70567844 0.78741409]
6.810289564584753 [1.19656736 1.69372838]
5.431440596156158 [ 1.78376482 -0.06900283]
4.5686018116111455 [-0.81894454  0.58017246]
4.292075138995077 [0.62287196 0.42424793]
4.5447873772739875 [0.53333656 0.74154691]
4.911973161170579 [-1.11372678 -1.16485841]
7.522036361484682 [-1.67887912  1.93390826]
6.371631208004427 [ 0.39616597 -1.56244294]
5.594586798462469 [1.33943522 0.3016086 ]
3.500273529768695 [ 0.47589576 -0.22714799]
6.735482737913625 [-1.33990998  1.30932555]
4.535287292886121 [ 0.86210243 -0.63519065]
3.2194219319466737 [-0.52466712  0.08034708]
6.058885475913897 [-1.37508043  0.66622038]
3.412671343484288 [ 0.65064563 -0.11371961]
6.0343913031006196 [-1.08966546 -1.3733451 ]
5.211607108471849 [-0.12240002 -1.36470005]
3.902811648336517 [0.14257841 1.14930194]
2.927576584538017 [0.06338358 0.82821582]
5.120714637401157 [1.3447241  0.12545395]
5.042868282213199 [ 0.94486197 -1.24271675]
4.401584665649658 [ 1.25000786 -0.07437809]
3.2999649231778077 [ 0.3551728  -0.28336655]
7.683859442699401 [ 1.81027999 -1.53685121]
4.5989717227805755 [ 0.61398395 -0.71296263]
6.6115771783981465 [-1.87626745  0.45359659]
7.57014529800883 [1.65595907 1.92750567]
4.473944434764299 [-0.8237229 -1.1175459]
7.319964625506232 [1.76142337 1.88746141]
6.4986332246993435 [ 1.91801906 -0.38827795]
5.317361027986816 [-1.33143443 -0.21474379]
7.696443473582573 [ 1.74867913 -1.70236238]
4.024150893710132 [-0.82231123 -0.89716171]
5.473741324243946 [0.91045729 1.30746415]
6.608906456953022 [1.26648535 1.34764973]
4.45242412676118 [-0.99030295  0.70229154]
4.5384454937207295 [ 1.00261489 -1.17024361]
4.53634521013894 [-1.16251812 -1.02853048]
4.213281223874098 [ 0.70153579 -0.36394589]
6.485097988428638 [0.61805772 1.54555707]
1.8245591005180768 [0.13781887 0.20630603]
5.562949213964025 [ 0.22143568 -1.38438669]
3.5567232029517517 [ 0.1619956  -0.65575192]
5.9451763637198205 [-1.41099551 -0.91449031]
6.3599045642116465 [-0.73147237  1.84755553]
5.191671396897274 [-1.17746054  0.69018909]
5.661306097683958 [ 1.01992465 -1.33247663]
5.898279042382782 [-0.97728656 -1.39594926]
4.547472756745684 [-0.77410371 -0.53410252]
7.762411214341691 [-1.61083781 -1.72803526]
6.279306370189339 [-1.45419075 -0.54613591]
2.2513474206130515 [-0.31655519  0.0135276 ]
6.058547572085676 [1.0125204  1.42931257]
7.653110489184574 [-1.86420014  1.61482297]
6.6166793234696435 [-0.59573488  1.64731548]
6.453387630160098 [1.7017019  0.76526699]
4.196858904949352 [ 1.10416798 -0.88025257]
3.1247376706375616 [ 0.07550107 -0.77200727]
7.30382986765502 [ 1.80238564 -1.83392576]
4.444771557356688 [ 0.97520273 -0.41815886]
6.453373431072308 [-1.53093448  0.65171938]
7.398631711256341 [-1.79062686 -1.81124638]
3.3192722310466363 [ 0.06422891 -1.11269412]
4.548680276590755 [ 0.87652885 -0.61170473]
2.3897669235282284 [-0.28118162 -0.15167052]
6.835614034123942 [1.21815267 1.74098547]
6.6149388714981185 [-0.61335646  1.85954896]
6.484319439766143 [1.58751814 0.72956153]
5.197638631555339 [-1.23478724  1.07054902]
6.061908963058968 [ 0.21972753 -1.59271886]
6.319319636607798 [1.58393057 0.86556148]
1.5804790316806714 [0.22027772 0.04947079]
3.7146355401932323 [-1.16150703  0.07292319]
6.3398494648744155 [1.53784077 1.04086023]
4.488048718594538 [-0.43591202 -0.97526807]
6.226327856393887 [0.4574969  1.45882825]
4.599253396611971 [-1.00865895  0.45666165]
4.6470573051951725 [-0.16430338  1.24301181]
5.913298371884142 [-0.22144223 -1.83207217]
3.6037908404950554 [-0.5747123  -0.19466095]
5.8900461684787295 [ 1.36443907 -0.79798424]
6.032462023025698 [-0.26338924  1.94765078]
3.157066628370121 [-0.49835371  0.08053862]
4.950860121696678 [-1.97394941  0.04786084]
6.110329602811031 [-1.4661717 -0.9195455]
2.976447511991801 [-1.0717913  -0.03422205]
4.290138215711895 [-0.8431372   0.77258144]
6.152284280123123 [ 1.8868001  -0.77462016]
6.643600776385057 [1.62765891 1.13915232]
7.714313109079512 [-1.59827282  1.55719137]
6.23615931667387 [0.2838653  1.61163608]
6.100152287601247 [-0.85098234  1.78397943]
3.881936458398567 [-0.36507121 -0.46520712]
5.980967693985466 [-0.24091977 -1.5091077 ]
4.461483416630848 [0.47239393 0.74091114]
2.1748649831250515 [-0.25936746  0.1345405 ]
6.202826651918816 [-0.93673395 -1.67835235]
4.710276625841228 [ 1.06985007 -0.42258709]
4.961014456141005 [-0.37063085 -1.16119061]
5.291300678849339 [-1.18841041  0.47406594]
7.695642740353875 [ 1.51468902 -1.65151362]
7.22818771298064 [1.30419265 1.6840795 ]
6.18788087301693 [-1.44015918  0.46684649]
7.686728979423 [1.52240576 1.78292305]
6.253348569468358 [-1.43825239  0.63390998]
7.560093884742519 [ 1.46910001 -1.90497916]
6.129977975321353 [1.06121218 1.75771479]
6.7968036394178775 [ 1.1839389  -1.65382855]
4.137996315421933 [-1.01936554  0.30760214]
4.449897136611149 [0.8857848 0.6862742]
6.8192592313010465 [-1.26055537 -1.86879179]
6.289635162217806 [-1.08596561 -1.73156316]
6.390066658734021 [1.9350259  0.70654758]
6.375251833728392 [-1.60233433  1.04483516]
6.543478244159225 [1.58329492 0.61381305]
4.6050969494976 [-0.67579256  0.6430836 ]
7.198078742244574 [ 1.896928  -1.7906143]
7.260088451929986 [-1.79991075  1.85360924]
7.292615674003796 [1.97348825 1.36382234]
6.325626964337289 [1.12406103 1.42294906]
3.438517190863639 [0.19894436 0.87195405]
4.521490167884288 [0.51438524 0.7349207 ]
4.228170346399796 [ 1.19934436 -0.13482254]
4.543200984436762 [-0.9698455   0.46848548]
4.308822472536264 [0.95231666 0.38329593]
3.89150711211671 [ 0.93943545 -1.07508278]
3.107895543907475 [0.21786091 0.36911104]
6.650446543475894 [-1.79432859  0.59632091]
6.597457569738861 [ 1.62684825 -0.577985  ]
5.633259046490313 [-1.52897059  0.05732732]
7.046011771418273 [ 1.92183177 -1.31296746]
4.550792015384914 [-0.78102199  0.53791664]
3.494580801163352 [0.14875245 0.60026882]
6.337018537169158 [-1.45473288  1.09972927]
5.341637281171426 [ 1.31671055 -0.24537547]
6.0163701283226345 [-1.36530092 -0.68337865]
5.56617702945594 [1.24836837 0.66376199]
4.504852514997001 [-0.47293315 -0.93366407]
4.0834934524374695 [-0.33836524  0.6178376 ]
5.66743010690066 [1.40849943 0.22750905]
4.274556142490212 [ 0.97673937 -0.75012337]
5.3918466208356115 [ 1.91472601 -0.14607447]
4.021693771070371 [0.2932839  1.00180428]
4.481203195258814 [ 0.54013787 -0.61525091]
7.278213213663415 [ 1.59133822 -1.32725201]
3.979134659899945 [-0.28980604  0.6572538 ]
3.9398888279204383 [-0.74506299  0.27699808]
6.020350474370545 [-1.76142583  0.22006237]
5.6932905085182455 [-1.98983103 -1.08955449]
6.6546816155493325 [1.98176107 1.91199904]
4.322724537763605 [ 0.40237057 -0.78882344]
3.3662435240713084 [0.34917722 0.30756836]
5.53875287247962 [ 1.31454055 -0.32048408]
3.899265449447704 [0.26323167 0.72119872]
7.4799879102233255 [1.68400537 1.39180192]
4.348503863853491 [-0.76403132 -0.82441775]
7.322497197088559 [1.52628274 1.37100471]
5.911243623001809 [-1.63192473  0.15477551]
4.373230815054196 [ 1.12277083 -0.26700508]
6.656359758738795 [-1.87148816  0.56455691]
4.484020365328647 [0.48291461 0.83085611]
4.160004695154264 [-0.17998759 -1.15998164]
6.58374086055337 [1.99782789 0.38417278]
4.607405596117708 [ 0.54916167 -0.96099092]
6.55920542445492 [-0.64810721  1.93681258]
4.42554243489208 [-0.44898996 -0.80977796]
3.502011087639627 [-1.05422255 -0.17312293]
4.32060126475578 [ 0.40141851 -0.78448257]
4.484077956774492 [ 1.02776993 -0.38977441]
6.250151746295867 [-1.9788625  -0.74990982]
4.354340941682537 [0.95610828 0.7216259 ]
5.166909124160238 [ 1.8422505  -0.03685282]
6.5000523403153565 [-1.25486437 -1.32959577]
7.646192836922191 [-1.47705477  1.66414715]
6.179961558184832 [-0.88765302 -1.48985376]
6.00855833353047 [0.96132339 1.42952192]
0.37342475586006474 [ 0.02266047 -0.07434787]
3.247077339443987 [-0.42944457  0.19269555]
5.119790100910688 [-0.56261572 -1.13456631]
4.7858731453277095 [-0.72717075  1.1129751 ]
5.372560201799466 [ 1.01999037 -1.2826907 ]
6.253782615158634 [0.5868315  1.43886417]
3.8475472291287827 [-0.2480356  -0.71056532]
6.247775374909676 [1.74343295 1.08361148]
4.570741061996003 [1.09097779 1.13196529]
6.5717941214222435 [ 0.4288895  -1.71668066]
6.525818063874226 [0.5342599  1.58067865]
7.521117855868159 [ 1.44026717 -1.84752741]
6.1546854542978515 [-0.25099598  1.6080077 ]
5.8427265103751616 [-1.31402876  0.52330525]
6.581799151699794 [-1.20178647  1.41507314]
3.381318272273902 [0.10208005 0.61793321]
7.52135275661241 [1.66685141 1.41051762]
5.800282537989467 [-0.85106611 -1.3600758 ]
5.871529838623793 [1.11351553 1.90541525]
4.4742230751843834 [-0.98761862 -0.42068782]
3.2284520338079976 [-0.03909722  0.69070078]
6.008155691012316 [0.94042065 1.43104175]
5.860837646851859 [1.32580956 0.49186076]
7.409480211069345 [1.73208509 1.89085935]
7.563437158268485 [-1.55149673 -1.47547111]
5.580217207117009 [-0.13382753  1.80551501]
4.225834537260521 [-0.63377373  0.38873364]
6.190023971087648 [ 0.29645891 -1.88183534]
7.540337051207304 [ 1.57552203 -1.4473577 ]
6.723782800091007 [-1.90297432  1.92662378]
6.528238363640408 [0.69433752 1.7803108 ]
5.942011173854823 [-1.02538568 -1.39091431]
7.597506144018947 [-1.6914495  -1.82869483]
3.699059827372164 [-1.03193941  0.99593087]
6.573128785417271 [1.65702458 0.46508611]
4.521679298922184 [0.47372393 0.94821595]
6.5714330451435785 [ 1.77194121 -0.67343492]
4.5708424567571875 [-0.81031108  0.61670015]
4.477188110570445 [-0.44937793  0.9478508 ]
6.571069097586797 [ 1.63220299 -0.67376549]
7.749124924557501 [-1.60071517  1.74997254]
1.2431480667696069 [0.17132244 0.07032225]
5.024227479138293 [-0.01611069 -1.3603944 ]
6.15578924875507 [ 0.8316967  -1.45807439]
4.417082011491001 [0.70842795 0.97875072]
4.022028720131441 [ 0.8386434  -0.31292977]
5.642184543845659 [-0.97253295 -1.84958327]
7.615004987936937 [ 1.7155425  -1.45647724]
4.3122799415846025 [-0.60354481  0.44567572]
6.617940243847794 [-0.61071727 -1.86070325]
7.150039617817598 [-1.86083546  1.82641251]
5.010816014994504 [ 0.18199659 -1.29242795]
4.995783116182107 [-1.22145315 -0.87226038]
3.8224229738630986 [-0.60277795  0.25381806]
6.308127857441967 [0.82737414 1.7143704 ]
7.229208383323863 [-1.81639965 -1.84469496]
4.266618873931488 [-0.60845347  0.42017858]
4.9452079808599585 [0.74668854 1.15548559]
6.262780566723986 [1.66806602 0.88892643]
6.098740691980641 [-1.38570458  0.56322232]
7.041678717014401 [-1.31593098 -1.44712774]
6.6122747465102485 [-0.45272242  1.79386705]
6.080023650942788 [-0.25717649  1.82523149]
6.329376652982436 [ 0.305513   -1.68783084]
5.3725112102191375 [-0.35652221 -1.25641038]
3.6089060922445992 [-0.2301473  -0.51684343]
6.295008950129461 [1.91262896 0.73317223]
6.915560813315302 [-1.50991069 -1.2385815 ]
6.469025970688662 [ 1.9238937 -0.6809527]
4.251188882512661 [ 0.9926163  -1.13299927]
5.6404772459792305 [ 1.48438888 -0.11969745]
6.231561880693537 [ 1.56288101 -0.31137382]
4.871118010416897 [-1.21874496 -0.97086034]
6.0534446828253365 [-1.36980136  0.63375111]
5.650827270988952 [-1.67307729  0.0436103 ]
7.610163443164106 [1.63292858 1.9081952 ]
3.940130948565788 [-1.052601    1.05264348]
6.826966033140119 [-1.632734    1.18924311]
3.3008380139481486 [0.09107903 0.55794849]
5.858602897953897 [ 0.21598797 -1.84961174]
7.287535399978555 [-1.36786303  1.89571248]
6.285691584881228 [1.92273008 0.73479938]
6.490680874731346 [ 1.60469382 -0.73793351]
6.772056414279305 [-1.99575092  1.2559845 ]
6.346618439717677 [-0.37556074 -1.56517761]
7.708762424517882 [-1.54401291 -1.60987144]
6.0337889165749665 [-0.23816217  1.80166247]
4.050226567951466 [-1.00002224  0.8132656 ]
5.6524132380641205 [-1.36627427 -0.28255398]
3.5054763484586293 [ 0.74307052 -0.16706194]
5.779720511380983 [-0.10565064 -1.65545013]
6.59153506415408 [1.94566748 1.95240233]
5.51637411099135 [-0.02001909 -1.73010271]
6.071659068737986 [ 1.7672611  -0.23573287]
5.680259004687748 [-0.8709869 -1.9875334]
7.717812917909454 [1.55130518 1.77056772]
6.84638064214794 [-1.27326509 -1.97141638]
6.613419935497873 [0.65234925 1.74106117]
4.776091775536912 [1.04171231 0.57935249]
4.312989892468824 [-0.6051266  -0.44503261]
4.581474007262564 [0.61056866 0.65197747]
6.324534434566967 [1.62349983 0.3194676 ]
7.168463748812643 [1.29479779 1.7284543 ]
4.269395872724619 [0.69900922 0.38656209]
6.592189085227918 [ 0.4405858  -1.85947507]
7.152468775686778 [1.37496267 1.42455666]
5.8508750541922545 [-0.64183956  1.31310406]
6.783038379974213 [ 1.58759618 -1.17782232]
7.549112631144169 [-1.63600267  1.42881172]
4.759647765274803 [ 1.29166493 -0.10370511]
6.343396405311456 [-0.79699699 -1.53201022]
6.65311146374162 [-1.77319746 -0.59906441]
6.276265928443685 [-0.9656103  1.5917196]
3.312072577935869 [-0.58329113  0.0805732 ]
4.877090920214208 [ 0.40776611 -1.12091401]
4.042868870060953 [0.70546234 0.3050057 ]
7.433305965383358 [ 1.75291516 -1.38158803]
5.786341782220255 [ 1.91189835 -0.21687325]
6.132032652474081 [ 0.80593336 -1.83058744]
4.3857209690895935 [0.73400296 0.84556627]
1.6193352944090695 [0.23069815 0.02140246]
4.430698725720266 [ 1.13588271 -0.26420053]
5.850851990018505 [-1.562737    0.14835229]
6.376063958343231 [-0.34683935  1.91932016]
7.223917453828697 [-1.78687632  1.89045661]
4.355386997051273 [0.29234749 1.09522845]
6.387650862496528 [1.5670051  0.79727863]
2.1751030967441243 [0.2891801  0.07927434]
6.485167392914494 [-1.58594314  0.46304185]
4.22798112342867 [-0.36717     0.78525435]
6.2577611183283075 [ 1.51570055 -0.8526045 ]
3.9728953783239516 [ 0.85099414 -0.30259814]
2.777457096608217 [ 0.04771298 -1.02491198]
6.542534130561165 [-1.58759906 -0.64314372]
6.256904813151149 [-1.55606221 -0.93770151]
6.661970222821967 [-1.87896403  0.55156789]
5.5581768299381125 [-1.49342416  0.05595255]
4.290433843254512 [-0.79029822 -0.38985436]
5.673100181754609 [-1.63712759  0.03091258]
4.870398025868518 [ 1.07419661 -0.51687462]
7.752760792960352 [-1.74500069 -1.6172985 ]
3.2242368100603014 [-0.38773965 -0.22950736]
7.5887115820527224 [-1.56424418 -1.48262952]
6.9106924611386 [-1.91604253  1.28609955]
5.794346510117336 [1.56683165 0.1212541 ]
5.626386572683224 [ 0.17032744 -1.43955047]
5.730373751677433 [-0.19122918 -1.85338019]
4.799381032433164 [-1.05903268 -1.18485884]
4.421437050188967 [-0.69471966  0.93577847]
6.889553577755137 [ 1.86280952 -1.2722456 ]
3.6085703346991065 [ 1.00449948 -0.96967117]
5.736002236464337 [-1.17966122 -1.23931169]
5.627166181703192 [-1.94661217  1.07836542]
7.574125638905775 [-1.76960874  1.75743105]
6.1795006376224 [ 1.99504164 -0.28077439]
4.442693668956384 [0.69191254 0.96021457]
4.350007007004315 [0.13717225 1.21502238]
6.306771423595748 [ 1.46350302 -0.6703451 ]
5.015147824031338 [-1.17037638  0.75053106]
4.461716437254449 [-0.50252034 -0.65195383]
4.574518216165931 [ 0.79838903 -0.62462696]
7.058076888491424 [ 1.29234412 -1.81247662]
6.277216208654181 [-0.90072812  1.6398761 ]
2.4491384262844638 [-0.14286524  0.29714819]
6.670500890263792 [1.96218003 1.24527566]
6.374265261518566 [0.71360748 1.95478086]
5.521853263352906 [-1.38066698 -0.21165984]
4.759210045792791 [-0.64256804  1.05692386]
4.979888807143709 [ 1.15342528 -0.73012618]
6.523397134462055 [ 1.68999179 -0.40319661]
4.382147639949306 [-0.68959169  0.44049799]
6.684277783762269 [-0.54593426 -1.93001369]
3.2485174024764913 [0.59504376 0.02237573]
7.255149967092642 [-1.31709297 -1.71802033]
6.4525174963938525 [-0.50978821 -1.54455711]
6.590381129865346 [-1.75707432 -0.66618985]
7.572464394268474 [ 1.72898237 -1.43570276]
3.4770810718055434 [-1.03872571  0.17979293]
2.5996969753792176 [-0.34263998  0.11186372]
4.566183571155243 [-0.82703119 -0.60540468]
6.6321537140900695 [-0.63492198 -1.71874232]
3.652516962243983 [-0.86835226  0.23794434]
5.517143195610554 [ 0.06458416 -1.4736366 ]
4.379788250594032 [ 0.71232647 -0.9513702 ]
6.314464705638105 [0.31478494 1.80132566]
3.789689965205938 [-0.82308703  0.25619782]
3.133591511713107 [ 1.0782522  -0.07675965]
7.209997002117904 [1.3491939  1.91349902]
4.988340916696977 [ 0.10604096 -1.32916126]
5.333988900222767 [-1.88793368 -0.12605335]
7.641133552689642 [-1.88900632  1.5332258 ]
3.474042208554089 [-0.21139973 -0.9093173 ]
6.56635138836754 [0.64003059 1.90231924]
6.1902086472098965 [0.26931661 1.76962036]
6.273504583413217 [-0.82750683  1.509906  ]
6.619758536825234 [1.84572381 0.61259781]
6.228591317208302 [ 0.59135927 -1.42897561]
6.0591630784115225 [-0.89964733 -1.75693461]
4.133122768659824 [-1.01824848  0.30724397]
6.602926572966723 [-1.89989616  0.61920753]
3.1737122781662426 [-0.11927923 -0.80916384]
6.623903403831356 [-0.62910099  1.67329989]
3.8891215411341276 [0.26636577 0.63180092]
3.8980482049045517 [0.44331868 0.39128749]
6.216680794504274 [-1.42505895  0.5836129 ]
7.389414071998118 [-1.39431606 -1.86789898]
3.7395622216818016 [-0.63129461 -0.21977171]
4.619452507477373 [-1.1818738  -0.24792838]
5.005376682217751 [-1.14101824  0.42603365]
4.256653030750137 [1.07185466 1.09724694]
6.3318145217688375 [1.03417462 1.63775839]
5.98088860649894 [-1.41225854  0.99835076]
3.2648702726078693 [0.03265532 0.6136239 ]
3.920619456337939 [0.59040951 0.29176809]
6.2323337051903 [0.5528925  1.43456157]
3.7778121393299426 [-0.50228637 -0.2969163 ]
7.412343095011169 [-1.53247591  1.4071182 ]
3.707538549200177 [0.18062988 1.08634872]
4.3132454734944226 [-1.02666291  1.1323614 ]
4.476828184446216 [-0.80175709 -0.72011152]
5.278971128590879 [-1.85650485 -0.09480106]
4.952227317634186 [0.61624392 1.10003572]
6.339175462613401 [1.48224159 0.6930979 ]
6.426284572375646 [-1.79748942  1.16019048]
3.1407106346419593 [0.0674765  1.08468382]
3.92627157208192 [ 0.35340734 -0.49870592]
4.121887320841701 [0.95695764 0.78558469]
4.0227834802104745 [0.94163102 0.31323415]
6.190436898459549 [ 1.73056012 -1.05276907]
7.1351937559853305 [1.91793286 1.79818478]
7.065017740822389 [-1.3063406 -1.8553187]
5.825484066265393 [ 1.60816502 -0.12201489]
6.6680161929705335 [0.54531244 1.78229648]
5.35515519275344 [-0.74469635 -1.23074092]
6.545916037224554 [-1.63430823  0.46048027]
3.5771530188953844 [-0.82532494 -0.21238406]
5.525227073504244 [1.92030406 1.04312674]
6.561938541958703 [ 0.55911132 -1.59988094]
2.5931444829441834 [ 0.02065833 -0.95990124]
6.408584922944076 [-0.35808944 -1.90236657]
4.467458855873705 [-0.94834766  0.44439063]
3.9138665465167404 [0.45694726 0.38479518]
6.445365211666736 [-0.35895345 -1.68522185]
6.580806864647705 [1.36994856 1.23897198]
4.73050448616867 [-0.55419234  1.02365303]
3.896398985838236 [-0.95622225 -1.07910517]
7.18441781629064 [1.34129842 1.95646792]
4.090710391797504 [ 0.52895372 -0.39571835]
4.4991871170902975 [-0.99660778 -1.1661789 ]
5.8322839773273 [0.23384144 1.45583358]
5.80320016364999 [1.33783305 0.40912905]
3.468106136428269 [ 0.13373796 -0.6303409 ]
5.448282981387944 [-1.9442981  -0.93422225]
6.8923085284344765 [1.25122774 1.47274537]
4.577214418886186 [0.6006065  0.79949817]
6.966836378250052 [1.2895585 1.4492304]
5.275435332141509 [0.55367835 1.17124537]
3.4459283031349384 [0.56914629 0.14383707]
7.763921800830111 [ 1.67009501 -1.5823786 ]
5.620886252143574 [ 0.5378655  -1.25405903]
4.6007197671745 [-1.15705494  0.27606377]
6.180477047750397 [0.77840093 1.85808144]
2.5822592538617255 [9.42203384e-01 7.72514550e-04]
6.658023230124314 [ 1.72753723 -0.52973381]
7.647219271704772 [1.74977481 1.73658353]
5.037844289605154 [1.11617118 0.58807038]
4.182967307700768 [-0.71861975 -0.35098534]
7.659344803522291 [ 1.9524279  -1.57062792]
5.594811876906849 [-1.70968442  0.0491455 ]
6.221005925640991 [-1.86270198 -1.15599377]
3.2469378984575212 [-0.05197009 -0.56602528]
7.203325826511673 [ 1.80986721 -1.32658114]
5.580783351447156 [ 0.77535583 -1.28672978]
4.127916319365614 [-1.05462357 -1.08844931]
6.726460305674555 [ 0.5847965  -1.98686641]
4.053574171918736 [-0.36961093  0.54306047]
6.634058794472612 [ 1.66907957 -0.58825065]
7.617721149143147 [ 1.45904065 -1.72643121]
7.780575460421881 [-1.68256504  1.6419096 ]
5.899023118374668 [1.83013136 1.07025176]
6.550223070705517 [-0.45429483  1.64401602]
4.281739865998656 [ 0.42185088 -0.61818025]
5.629182992561152 [-0.2456109   1.38498041]
4.5918640783541065 [-0.97979746  0.62847279]
6.2529152238401835 [ 1.54992022 -0.92802432]
4.151612503055265 [1.11150493 0.913685  ]
6.997336292958073 [-1.29640649 -1.87402412]
5.956903865049718 [-1.80402691 -0.22067314]
4.4638872493650155 [-0.47219074  0.75426719]
6.325360064172301 [0.46110904 1.49995811]
5.47304766319348 [ 1.99648784 -1.03196941]
5.793260330276748 [1.02685082 1.82428184]
6.328939817642414 [-1.47195479 -0.66419106]
6.582169333550382 [-0.44852505 -1.69032563]
4.1097002828289035 [0.12318085 1.18962002]
6.329984491398715 [-0.8169741  -1.53817564]
5.9317657180423 [ 0.81202632 -1.38017761]
7.13912777834941 [-1.28046064  1.69729845]
3.995422161883845 [-0.23357036 -1.08319336]
3.9844581651351025 [0.323687   0.57276697]
5.192416315358663 [1.86902962 0.08073801]
5.97048135803302 [1.36487871 0.73449061]
3.4442826017010373 [0.13312517 0.6933381 ]
6.49072884454862 [-0.36128305  1.98507398]
3.7763669738671273 [ 0.97888148 -0.87319943]
4.1766550999009375 [-0.17863598 -1.16347659]
6.401259417504821 [-0.75806151  1.54293366]
7.0564674118775645 [-1.28136212  1.77968907]
6.090582183761406 [ 1.40129173 -0.47764234]
6.484236291688081 [1.60858557 0.74599381]
2.9023114677371287 [0.15511045 0.37462979]
7.638900370200837 [1.79380892 1.69812925]
6.304419064651736 [-0.62004678  1.458038  ]
6.7376061324341805 [1.99835507 1.24975541]
4.11660657392942 [-0.66740091 -0.33459717]
5.006158661188625 [0.49870192 1.11439804]
0.3698368385519477 [-0.02557565 -0.0728004 ]
4.362125012924263 [-1.00049403 -0.37404732]
6.102128914732923 [1.95214712 0.77768683]
4.558306159966008 [0.6439983  0.58721237]
4.068518847933667 [1.20994759 0.06184636]
6.199081673003498 [-1.49755414 -0.88252654]
5.192816569768418 [ 1.17702663 -0.44121542]
6.775391297863363 [-1.30493427 -1.35718782]
5.929639989767676 [ 0.19509454 -1.53936456]
6.48169491335868 [-1.64925026  0.39479683]
5.553103997466781 [-1.79765117 -0.12131634]
4.065087219656622 [ 0.87333958 -0.82435798]
7.483043485373361 [-1.42804802  1.86610215]
7.751564077924234 [-1.58288517 -1.73643212]
7.728553201174343 [ 1.60729513 -1.56584915]
0.7212921424768912 [ 0.05489538 -0.11160202]
6.461886079690981 [1.54033936 0.54165768]
5.851899971044425 [-1.57241351 -0.14410293]
5.8888900188960385 [ 1.52977883 -0.18527055]
6.255891138248529 [-0.67077539  1.44314741]
6.571590120807834 [-0.51922833 -1.61959515]
5.246678624165309 [0.24976724 1.29413652]
6.546109649172312 [-0.70390121 -1.7309796 ]
5.667818684639581 [-0.19687227 -1.9237986 ]
4.558567565675066 [0.39781349 1.04437839]
5.809640120164758 [-1.89573922  0.21870353]
6.528671303844963 [ 0.40118525 -1.81838474]
5.9250469018084 [0.62342612 1.33147003]
4.405863325579357 [0.7729088 1.0628413]
4.578994014872354 [ 0.92275747 -1.17559614]
3.922293056711038 [-0.86004279 -0.2921158 ]
5.7003658050508115 [ 0.08481043 -1.54716506]
3.4197046508524704 [ 0.676362   -0.12057267]
4.985374925409413 [ 1.92220476 -0.05271643]
4.582874687335721 [0.69634774 0.72798539]
3.484461383580481 [-0.41509758 -0.27726806]
5.480982853736986 [-1.97898887 -0.16211639]
6.811653006841045 [-1.65871954  1.18860296]
6.291458971048069 [ 0.43956194 -1.49448637]
5.836151471931849 [ 1.94615934 -0.83312496]
5.658547256051435 [1.38312784 0.25976157]
6.735890282259854 [1.91767804 1.25520781]
5.877641130852375 [-1.83254552  0.21389016]
4.324664515283342 [-0.51264192 -0.52851877]
5.228369242714617 [-0.23267183  1.30149288]
3.7672995485789724 [-0.70280472  0.22537705]
7.538253051531186 [1.61412909 1.42962307]
6.168063970337599 [0.94673528 1.49234345]
6.1018210403897335 [ 1.76624192 -1.06136957]
7.585356027309823 [-1.88309591  1.48207642]
6.135587295063555 [-0.80510002  1.8303371 ]
6.568499447434096 [-1.71190783  0.42779959]
3.6038315933760043 [0.35182471 0.37622223]
5.657161098709693 [-1.54718655  0.05367261]
3.678055039761102 [-0.25481318 -0.51390119]
5.299966926769148 [-0.56260267 -1.17665729]
6.415898277583654 [-0.64767378 -1.51035003]
7.721957239176902 [ 1.62420594 -1.78242735]
6.196209245703976 [0.76480067 1.44641218]
4.9407670111550885 [1.94021166 0.04307373]
6.5566898079365 [ 1.36659952 -1.23554939]
4.417982210032967 [-0.22906117 -1.16262219]
6.541601603410339 [-0.71745111  1.67864507]
4.911877914573068 [-1.26345622 -0.20073527]
6.54161962426317 [1.60349495 1.10685683]
6.444713098840051 [-0.43180004 -1.58033311]
6.482591488544312 [1.9164342  0.67583945]
7.701734079650764 [-1.73981419  1.70727361]
3.2285363602779182 [-0.44713893  0.16842591]
2.785060067414904 [0.08459656 0.91821565]
6.648523019507778 [-0.58801071 -1.91724304]
7.626851092469142 [-1.75564466  1.4693779 ]
5.402425859243706 [-1.25159066  0.37892228]
2.510475340913612 [-0.35580754  0.03743281]
5.665977400651439 [-1.59008655  0.01011795]
5.7474386094855205 [1.3117385  0.74389308]
3.817137249035231 [0.31280264 0.49947112]
6.375494638642635 [0.32658743 1.99075536]
0.59829770601073 [-0.09390036 -0.05494306]
6.4312827707277656 [1.54256427 0.48496127]
3.6211613991989116 [-0.29132489  0.44613518]
5.986573404628757 [-0.80307372  1.96542362]
7.535363156272005 [-1.69171808 -1.87397303]
7.302915211321313 [ 1.61561806 -1.33072908]
4.467158062324437 [-0.79608058  0.73050402]
6.559817415510835 [-1.11445311 -1.5718287 ]
4.585544211301677 [0.69918755 0.72131765]
6.104688127568501 [0.81380564 1.83011615]
6.316214594334877 [1.80456773 0.76624784]
3.049376111309528 [-0.38502499 -0.18411207]
3.861060635587027 [ 0.45426149 -0.36703387]
2.9186711011725532 [ 0.43154939 -0.06956269]
5.187104433238741 [-1.15608026  0.62047058]
4.970512958999173 [0.54117051 1.09815286]
7.654371891451332 [-1.66117576  1.4828478 ]
5.471185810949471 [1.3008702  0.88008558]
5.544444675605419 [ 1.04713769 -1.30049497]
4.6959625398489635 [-1.01761476  0.5121868 ]
7.026208811863828 [ 1.78981253 -1.27773275]
3.468412668187288 [-0.61315201  0.13636002]
7.272679138807202 [1.6135614 1.3205191]
7.294285512932367 [ 1.75568121 -1.98461395]
3.086999502350896 [0.41118461 0.16438877]
3.3329611165757 [ 0.69981052 -0.098234  ]
2.274117499460726 [-0.31418256  0.04892071]
4.736486893724809 [0.57496846 1.02695429]
4.427032368959711 [ 0.54473514 -0.56394395]
4.484386107787898 [-0.67408287 -0.86603061]
4.515230118160392 [-0.51715334  0.70455288]
3.0489542064665973 [0.48576706 0.01963328]
6.574823735589046 [-1.61008016 -0.55815257]
4.442425028403896 [-0.68800279 -0.89330984]
1.7833650895574285 [0.00664571 0.25229384]
6.681696510021659 [-0.61388004 -1.98458145]
6.422201088404446 [-0.35671669 -1.82773077]
6.772736820883356 [ 1.23543685 -1.81869437]
2.6690357208700743 [-0.88658503 -0.00573218]
3.7225251331937668 [ 0.2170036  -0.72590256]
5.9721102324742965 [0.82222676 1.39474579]
3.7934689255634315 [-1.04387745 -0.22860595]
2.0657814310476685 [0.1654869  0.21976814]
5.032274619210778 [ 1.20588187 -1.07969208]
4.248309834123514 [-0.75823384  0.89851749]
1.190231458189388 [ 0.17598062 -0.03953471]
4.05438075176086 [ 1.08768685 -0.2402246 ]
7.686469895251285 [-1.66168825 -1.5051262 ]
6.56176446502101 [1.7340215  1.15480493]
2.9711856176167797 [-0.03681386  0.45760529]
4.655608312783002 [-1.29671546  0.02951489]
6.302818612541742 [-1.51599478 -0.40997016]
3.743349532826603 [-0.25433587 -0.96461559]
4.117388915246011 [-0.82466884  0.85123958]
5.895838505771078 [ 1.58453738 -0.15744652]
6.569296464243344 [ 1.827726   -0.65298302]
5.681755712759614 [ 1.28572471 -0.4620242 ]
7.591566514282681 [ 1.50128016 -1.54163758]
5.530563476601397 [-1.8817619   0.98677597]
4.251864096604134 [-1.00165344 -1.13133141]
4.250637240385377 [ 1.13431998 -0.95116127]
5.057634364257815 [ 0.80420243 -1.20382716]
